#   nzt =   1
#    zt = 0.8000E+01
#    wt = 0.1000E+01
#    zp = 0.1000E+01
#    rs =  0.31056200E+02
#    Te =  0.25000000E-01
#   rho =  0.14290000E-02
#  zbar =  0.13428462E-13
#   mep =  100
# mloss =  24
#   E/AMU (MeV)            dEdX           range
 0.10000000E-02  0.18542525E+01  0.28652877E-01
 0.11233240E-02  0.20107031E+01  0.30348892E-01
 0.12618569E-02  0.21803434E+01  0.32105390E-01
 0.14174742E-02  0.23576573E+01  0.33927572E-01
 0.15922828E-02  0.25488851E+01  0.35820782E-01
 0.17886495E-02  0.27507380E+01  0.37789549E-01
 0.20092330E-02  0.29631641E+01  0.39840784E-01
 0.22570197E-02  0.31889601E+01  0.41981006E-01
 0.25353645E-02  0.34326213E+01  0.44214398E-01
 0.28480359E-02  0.36798069E+01  0.46550157E-01
 0.31992671E-02  0.39514375E+01  0.48995754E-01
 0.35938137E-02  0.42330916E+01  0.51557019E-01
 0.40370173E-02  0.45346761E+01  0.54242914E-01
 0.45348785E-02  0.48540434E+01  0.57060515E-01
 0.50941380E-02  0.51970971E+01  0.60016727E-01
 0.57223677E-02  0.55491345E+01  0.63122396E-01
 0.64280731E-02  0.59150039E+01  0.66392977E-01
 0.72208090E-02  0.63074936E+01  0.69839120E-01
 0.81113083E-02  0.67235079E+01  0.73469116E-01
 0.91116276E-02  0.71280263E+01  0.77305414E-01
 0.10235310E-01  0.75660926E+01  0.81368063E-01
 0.11497570E-01  0.80088909E+01  0.85672987E-01
 0.12915497E-01  0.84597977E+01  0.90246196E-01
 0.14508288E-01  0.89079860E+01  0.95117355E-01
 0.16297508E-01  0.93597564E+01  0.10031982E+00
 0.18307383E-01  0.98146804E+01  0.10588742E+00
 0.20565123E-01  0.10268091E+02  0.11185811E+00
 0.23101297E-01  0.10698506E+02  0.11828218E+00
 0.25950242E-01  0.11113713E+02  0.12521893E+00
 0.29150531E-01  0.11510144E+02  0.13273206E+00
 0.32745492E-01  0.11902419E+02  0.14088606E+00
 0.36783798E-01  0.12232189E+02  0.14977161E+00
 0.41320124E-01  0.12539469E+02  0.15949730E+00
 0.46415888E-01  0.12813871E+02  0.17017242E+00
 0.52140083E-01  0.13074925E+02  0.18191413E+00
 0.58570208E-01  0.13259401E+02  0.19488024E+00
 0.65793322E-01  0.13393426E+02  0.20927292E+00
 0.73907220E-01  0.13478105E+02  0.22531073E+00
 0.83021757E-01  0.13533611E+02  0.24323152E+00
 0.93260335E-01  0.13518871E+02  0.26333337E+00
 0.10476158E+00  0.13467994E+02  0.28596837E+00
 0.11768120E+00  0.13341005E+02  0.31156492E+00
 0.13219411E+00  0.13164689E+02  0.34065258E+00
 0.14849683E+00  0.12958987E+02  0.37381012E+00
 0.16681005E+00  0.12741315E+02  0.41166303E+00
 0.18738174E+00  0.12450209E+02  0.45504223E+00
 0.21049041E+00  0.12104060E+02  0.50504545E+00
 0.23644894E+00  0.11722541E+02  0.56294005E+00
 0.26560878E+00  0.11319346E+02  0.63018579E+00
 0.29836472E+00  0.10868256E+02  0.70863475E+00
 0.33516027E+00  0.10373810E+02  0.80071278E+00
 0.37649358E+00  0.98830310E+01  0.90919622E+00
 0.42292429E+00  0.93974987E+01  0.10372117E+01
 0.47508102E+00  0.88881277E+01  0.11888298E+01
 0.53366992E+00  0.83475477E+01  0.13695839E+01
 0.59948425E+00  0.78131349E+01  0.15861716E+01
 0.67341507E+00  0.72808006E+01  0.18467370E+01
 0.75646333E+00  0.67756287E+01  0.21610682E+01
 0.84975344E+00  0.62910151E+01  0.25409671E+01
 0.95454846E+00  0.58383221E+01  0.30007156E+01
 0.10722672E+01  0.54130506E+01  0.35574684E+01
 0.12045035E+01  0.50135451E+01  0.42323293E+01
 0.13530478E+01  0.46328304E+01  0.50518583E+01
 0.15199111E+01  0.42797565E+01  0.60482802E+01
 0.17073526E+01  0.39494455E+01  0.72605888E+01
 0.19179103E+01  0.36427063E+01  0.87366123E+01
 0.21544347E+01  0.33534555E+01  0.10536145E+02
 0.24201283E+01  0.30870376E+01  0.12732037E+02
 0.27185882E+01  0.28393217E+01  0.15412821E+02
 0.30538555E+01  0.26104801E+01  0.18687363E+02
 0.34304693E+01  0.23956047E+01  0.22692225E+02
 0.38535286E+01  0.21978037E+01  0.27595126E+02
 0.43287613E+01  0.20134409E+01  0.33603175E+02
 0.48626016E+01  0.18450790E+01  0.40969251E+02
 0.54622772E+01  0.16905843E+01  0.49998926E+02
 0.61359073E+01  0.15478544E+01  0.61071799E+02
 0.68926121E+01  0.14128652E+01  0.74679749E+02
 0.77426368E+01  0.12892682E+01  0.91429025E+02
 0.86974900E+01  0.11745309E+01  0.11206639E+03
 0.97700996E+01  0.10699979E+01  0.13751407E+03
 0.10974988E+02  0.97424477E+00  0.16890137E+03
 0.12328467E+02  0.88678661E+00  0.20762810E+03
 0.13848864E+02  0.80577815E+00  0.25546683E+03
 0.15556761E+02  0.73218040E+00  0.31460946E+03
 0.17475284E+02  0.66511423E+00  0.38773408E+03
 0.19630407E+02  0.60402013E+00  0.47816406E+03
 0.22051307E+02  0.54746458E+00  0.59014173E+03
 0.24770764E+02  0.49625231E+00  0.72892731E+03
 0.27825594E+02  0.45000496E+00  0.90087956E+03
 0.31257158E+02  0.40803242E+00  0.11138840E+04
 0.35111917E+02  0.36960747E+00  0.13779126E+04
 0.39442061E+02  0.33478088E+00  0.17053392E+04
 0.44306215E+02  0.30295552E+00  0.21116137E+04
 0.49770236E+02  0.27416442E+00  0.26159434E+04
 0.55908102E+02  0.24814693E+00  0.32419081E+04
 0.62802914E+02  0.22458532E+00  0.40187412E+04
 0.70548023E+02  0.20292633E+00  0.49837960E+04
 0.79248290E+02  0.18336378E+00  0.61836722E+04
 0.89021509E+02  0.16585144E+00  0.76745133E+04
 0.10000000E+03  0.15001312E+00  0.95260884E+04
