 1  8.99000000E-05
 2  1.78700000E-04
 3  5.34000000E-01
 4  1.84800000E+00
 5  2.35020000E+00
 6  2.25300000E+00
 7  1.25100000E-03
 8  1.42900000E-03
 9  1.11110000E+00
10  9.01000000E-04
11  9.70000000E-01
12  1.73660000E+00
13  2.70200000E+00
14  2.32120000E+00
15  1.82190000E+00
16  2.06860000E+00
17  1.89560000E+00
18  1.78400000E-03
19  8.63200000E-01
20  1.54000000E+00
21  2.98900000E+00
22  4.51890000E+00
23  5.96000000E+00
24  7.20000000E+00
25  7.43410000E+00
26  7.86580000E+00
27  8.90000000E+00
28  8.89550000E+00
29  8.92000000E+00
30  7.14000000E+00
31  5.90400000E+00
32  5.35000000E+00
33  5.72700000E+00
34  4.81000000E+00
35  3.19900000E+00
36  3.74000000E-03
37  1.53200000E+00
38  2.60000000E+00
39  4.46900000E+00
40  6.49000000E+00
41  8.57000000E+00
42  1.02060000E+01
43  1.15000000E+01
44  1.23000000E+01
45  1.23990000E+01
46  1.20200000E+01
47  1.04730000E+01
48  8.64200000E+00
49  7.30000000E+00
50  7.28160000E+00
51  6.68400000E+00
52  6.25000000E+00
53  4.93730000E+00
54  5.89000000E-03
55  1.87850000E+00
56  3.51000000E+00
57  6.17380000E+00
58  6.67240000E+00
59  6.77300000E+00
60  7.00800000E+00
61  6.47500000E+00
62  7.52000000E+00
63  5.24400000E+00
64  7.90100000E+00
65  8.23000000E+00
66  8.55100000E+00
67  8.79500000E+00
68  9.06600000E+00
69  9.32100000E+00
70  6.96000000E+00
71  9.84100000E+00
72  1.33100000E+01
73  1.66010000E+01
74  1.93500000E+01
75  2.05300000E+01
76  2.24800000E+01
77  2.24210000E+01
78  2.14500000E+01
79  1.93110000E+01
80  1.35462000E+01
81  1.18500000E+01
82  1.13437000E+01
83  9.80000000E+00
84  9.25110000E+00
85  1.00000000E+01
86  9.91000000E+00
87  1.00000000E+01
88  5.02220000E+00
89  1.00000000E+01
90  1.16580000E+01
91  1.53700000E+01
92  1.90430000E+01
Al4C3		2.36
CaC2		2.22
KBr		2.74
AgBr		6.47
Ag2S		7.23
SiO2		2.65
Al2O3		3.97
Ag2O		7.2
BaO		5.72
SO3		1.92
CaO		3.34
Bi2O3		8.9
Cu2O		6.0
HgO		11.14
I2O5		4.98
K2O		2.35
Na2O		2.27
PbO2		9.64
ZnO		5.6
CaCO3		2.71
CuO2H2		3.37
H4C5O2		1.4
CaF2		3.18
Fe2O3		5.24
C2F4		2.2
C8H8		1.005
MgCl2		2.325
AuCl		7.6
