#   nzt =   1
#    zt = 0.5000E+01
#    wt = 0.1000E+01
#    zp = 0.1000E+01
#    rs =  0.23086600E+01
#    Te =  0.25000000E-01
#   rho =  0.23500000E+01
#  zbar =  0.27070526E+01
#   mep =  100
# mloss =  24
#   E/AMU (MeV)            dEdX           range
 0.10000000E-02  0.24057967E+01  0.14920518E-01
 0.11233240E-02  0.25433980E+01  0.15814965E-01
 0.12618569E-02  0.26888713E+01  0.16765323E-01
 0.14174742E-02  0.28415022E+01  0.17775337E-01
 0.15922828E-02  0.30027741E+01  0.18848964E-01
 0.17886495E-02  0.31716275E+01  0.19990510E-01
 0.20092330E-02  0.33499098E+01  0.21204571E-01
 0.22570197E-02  0.35362296E+01  0.22496145E-01
 0.25353645E-02  0.37327833E+01  0.23870570E-01
 0.28480359E-02  0.39377071E+01  0.25333683E-01
 0.31992671E-02  0.41536537E+01  0.26891731E-01
 0.35938137E-02  0.43783171E+01  0.28551537E-01
 0.40370173E-02  0.46147785E+01  0.30320421E-01
 0.45348785E-02  0.48602904E+01  0.32206372E-01
 0.50941380E-02  0.51183514E+01  0.34217963E-01
 0.57223677E-02  0.53849265E+01  0.36364757E-01
 0.64280731E-02  0.56645331E+01  0.38657047E-01
 0.72208090E-02  0.59510445E+01  0.41106524E-01
 0.81113083E-02  0.62505831E+01  0.43725882E-01
 0.91116276E-02  0.65561101E+01  0.46529249E-01
 0.10235310E-01  0.68745852E+01  0.49532017E-01
 0.11497570E-01  0.71997455E+01  0.52750849E-01
 0.12915497E-01  0.75381839E+01  0.56203776E-01
 0.14508288E-01  0.78817639E+01  0.59910973E-01
 0.16297508E-01  0.82381603E+01  0.63894479E-01
 0.18307383E-01  0.85987653E+01  0.68178694E-01
 0.20565123E-01  0.89717907E+01  0.72790375E-01
 0.23101297E-01  0.93528554E+01  0.77757648E-01
 0.25950242E-01  0.97481016E+01  0.83110866E-01
 0.29150531E-01  0.10158485E+02  0.88880974E-01
 0.32745492E-01  0.10587131E+02  0.95100726E-01
 0.36783798E-01  0.11040097E+02  0.10180281E+00
 0.41320124E-01  0.11517615E+02  0.10902507E+00
 0.46415888E-01  0.12173683E+02  0.11675183E+00
 0.52140083E-01  0.12952817E+02  0.12492289E+00
 0.58570208E-01  0.13456754E+02  0.13364857E+00
 0.65793322E-01  0.13805831E+02  0.14314644E+00
 0.73907220E-01  0.13952898E+02  0.15362795E+00
 0.83021757E-01  0.13983992E+02  0.16532675E+00
 0.93260335E-01  0.13809599E+02  0.17853903E+00
 0.10476158E+00  0.13514011E+02  0.19363875E+00
 0.11768120E+00  0.13066927E+02  0.21108020E+00
 0.13219411E+00  0.12531982E+02  0.23143363E+00
 0.14849683E+00  0.11956388E+02  0.25534138E+00
 0.16681005E+00  0.11366324E+02  0.28354604E+00
 0.18738174E+00  0.10782047E+02  0.31691300E+00
 0.21049041E+00  0.10209361E+02  0.35645771E+00
 0.23644894E+00  0.96250048E+01  0.40347415E+00
 0.26560878E+00  0.90405687E+01  0.45960840E+00
 0.29836472E+00  0.84743877E+01  0.52681566E+00
 0.33516027E+00  0.79278296E+01  0.60744781E+00
 0.37649358E+00  0.74182462E+01  0.70426322E+00
 0.42292429E+00  0.69426029E+01  0.82046587E+00
 0.47508102E+00  0.64855879E+01  0.96006052E+00
 0.53366992E+00  0.60444086E+01  0.11281364E+01
 0.59948425E+00  0.56291843E+01  0.13308023E+01
 0.67341507E+00  0.52368326E+01  0.15753918E+01
 0.75646333E+00  0.48680332E+01  0.18708396E+01
 0.84975344E+00  0.45184088E+01  0.22281494E+01
 0.95454846E+00  0.41906338E+01  0.26607508E+01
 0.10722672E+01  0.38813423E+01  0.31851020E+01
 0.12045035E+01  0.35938873E+01  0.38211322E+01
 0.13530478E+01  0.33235262E+01  0.45932342E+01
 0.15199111E+01  0.30702956E+01  0.55315630E+01
 0.17073526E+01  0.28302620E+01  0.66738452E+01
 0.19179103E+01  0.26062988E+01  0.80664756E+01
 0.21544347E+01  0.23933724E+01  0.97678599E+01
 0.24201283E+01  0.21968679E+01  0.11849610E+02
 0.27185882E+01  0.20136660E+01  0.14399162E+02
 0.30538555E+01  0.18447796E+01  0.17524396E+02
 0.34304693E+01  0.16870154E+01  0.21360064E+02
 0.38535286E+01  0.15414240E+01  0.26073474E+02
 0.43287613E+01  0.14048661E+01  0.31876358E+02
 0.48626016E+01  0.12805780E+01  0.39028545E+02
 0.54622772E+01  0.11673389E+01  0.47842084E+02
 0.61359073E+01  0.10636893E+01  0.58704381E+02
 0.68926121E+01  0.96782249E+00  0.72105840E+02
 0.77426368E+01  0.88030407E+00  0.88653684E+02
 0.86974900E+01  0.79965433E+00  0.10910473E+03
 0.97700996E+01  0.72618930E+00  0.13439796E+03
 0.10974988E+02  0.65867389E+00  0.16570603E+03
 0.12328467E+02  0.59753291E+00  0.20447918E+03
 0.13848864E+02  0.54234829E+00  0.25247669E+03
 0.15556761E+02  0.49223202E+00  0.31187910E+03
 0.17475284E+02  0.44656823E+00  0.38541545E+03
 0.19630407E+02  0.40496543E+00  0.47647560E+03
 0.22051307E+02  0.36623498E+00  0.58944537E+03
 0.24770764E+02  0.33128909E+00  0.72977283E+03
 0.27825594E+02  0.30014572E+00  0.90388439E+03
 0.31257158E+02  0.27192502E+00  0.11197507E+04
 0.35111917E+02  0.24629124E+00  0.13874401E+04
 0.39442061E+02  0.22302178E+00  0.17194320E+04
 0.44306215E+02  0.20140465E+00  0.21318916E+04
 0.49770236E+02  0.18190542E+00  0.26450024E+04
 0.55908102E+02  0.16456390E+00  0.32826008E+04
 0.62802914E+02  0.14885927E+00  0.40741901E+04
 0.70548023E+02  0.13428846E+00  0.50586752E+04
 0.79248290E+02  0.12115135E+00  0.62847850E+04
 0.89021509E+02  0.10954938E+00  0.78095511E+04
 0.10000000E+03  0.99058781E-01  0.97036750E+04
