#   nzt =   1
#    zt = 0.5600E+02
#    wt = 0.1000E+01
#    zp = 0.1000E+01
#    rs =  0.47123800E+01
#    Te =  0.25000000E-01
#   rho =  0.35100000E+01
#  zbar =  0.19071008E+01
#   mep =  100
# mloss =  24
#   E/AMU (MeV)            dEdX           range
 0.10000000E-02  0.14565452E+02  0.31301396E-01
 0.11233240E-02  0.15337201E+02  0.33181668E-01
 0.12618569E-02  0.16150467E+02  0.35187342E-01
 0.14174742E-02  0.16993264E+02  0.37327791E-01
 0.15922828E-02  0.17880791E+02  0.39612879E-01
 0.17886495E-02  0.18796684E+02  0.42053564E-01
 0.20092330E-02  0.19760429E+02  0.44661544E-01
 0.22570197E-02  0.20749673E+02  0.47449922E-01
 0.25353645E-02  0.21789649E+02  0.50432695E-01
 0.28480359E-02  0.22849716E+02  0.53625699E-01
 0.31992671E-02  0.23962901E+02  0.57045913E-01
 0.35938137E-02  0.25093971E+02  0.60712182E-01
 0.40370173E-02  0.26281137E+02  0.64644654E-01
 0.45348785E-02  0.27477711E+02  0.68866254E-01
 0.50941380E-02  0.28732764E+02  0.73401443E-01
 0.57223677E-02  0.29975243E+02  0.78279256E-01
 0.64280731E-02  0.31275879E+02  0.83530801E-01
 0.72208090E-02  0.32530011E+02  0.89193886E-01
 0.81113083E-02  0.33838455E+02  0.95310152E-01
 0.91116276E-02  0.35162464E+02  0.10191882E+00
 0.10235310E-01  0.36564464E+02  0.10906324E+00
 0.11497570E-01  0.38325325E+02  0.11675052E+00
 0.12915497E-01  0.40307586E+02  0.12496543E+00
 0.14508288E-01  0.41639218E+02  0.13381832E+00
 0.16297508E-01  0.42847711E+02  0.14346784E+00
 0.18307383E-01  0.43809051E+02  0.15403777E+00
 0.20565123E-01  0.44742762E+02  0.16565466E+00
 0.23101297E-01  0.45262887E+02  0.17849454E+00
 0.25950242E-01  0.45685058E+02  0.19276840E+00
 0.29150531E-01  0.45748027E+02  0.20872073E+00
 0.32745492E-01  0.45765200E+02  0.22662818E+00
 0.36783798E-01  0.45684324E+02  0.24676056E+00
 0.41320124E-01  0.45636869E+02  0.26940802E+00
 0.46415888E-01  0.45557508E+02  0.29488531E+00
 0.52140083E-01  0.45538688E+02  0.32353171E+00
 0.58570208E-01  0.45409511E+02  0.35576395E+00
 0.65793322E-01  0.45287012E+02  0.39207182E+00
 0.73907220E-01  0.45095215E+02  0.43300067E+00
 0.83021757E-01  0.44906176E+02  0.47916723E+00
 0.93260335E-01  0.44586618E+02  0.53132028E+00
 0.10476158E+00  0.44173036E+02  0.59038842E+00
 0.11768120E+00  0.43614247E+02  0.65747867E+00
 0.13219411E+00  0.42947188E+02  0.73391478E+00
 0.14849683E+00  0.42176175E+02  0.82123439E+00
 0.16681005E+00  0.41335415E+02  0.92120040E+00
 0.18738174E+00  0.40265722E+02  0.10361248E+01
 0.21049041E+00  0.39019250E+02  0.11690169E+01
 0.23644894E+00  0.37648568E+02  0.13234178E+01
 0.26560878E+00  0.36195731E+02  0.15035087E+01
 0.29836472E+00  0.34667903E+02  0.17143342E+01
 0.33516027E+00  0.33075961E+02  0.19621200E+01
 0.37649358E+00  0.31510304E+02  0.22541093E+01
 0.42292429E+00  0.29980890E+02  0.25986167E+01
 0.47508102E+00  0.28467966E+02  0.30057462E+01
 0.53366992E+00  0.26953067E+02  0.34881417E+01
 0.59948425E+00  0.25491152E+02  0.40608328E+01
 0.67341507E+00  0.24078897E+02  0.47414758E+01
 0.75646333E+00  0.22719554E+02  0.55513279E+01
 0.84975344E+00  0.21393023E+02  0.65166253E+01
 0.95454846E+00  0.20161228E+02  0.76677832E+01
 0.10722672E+01  0.19010398E+02  0.90393568E+01
 0.12045035E+01  0.17894031E+02  0.10674401E+02
 0.13530478E+01  0.16758235E+02  0.12631144E+02
 0.15199111E+01  0.15702518E+02  0.14977853E+02
 0.17073526E+01  0.14706691E+02  0.17791646E+02
 0.19179103E+01  0.13757131E+02  0.21167880E+02
 0.21544347E+01  0.12808699E+02  0.25232626E+02
 0.24201283E+01  0.11923509E+02  0.30137322E+02
 0.27185882E+01  0.11073884E+02  0.36063636E+02
 0.30538555E+01  0.10294727E+02  0.43228086E+02
 0.34304693E+01  0.95638501E+01  0.51888473E+02
 0.38535286E+01  0.88912553E+01  0.62355734E+02
 0.43287613E+01  0.82548948E+01  0.75013061E+02
 0.48626016E+01  0.76736848E+01  0.90317327E+02
 0.54622772E+01  0.71301820E+01  0.10881512E+03
 0.61359073E+01  0.66268676E+01  0.13117218E+03
 0.68926121E+01  0.61438163E+01  0.15823006E+03
 0.77426368E+01  0.56967894E+01  0.19100930E+03
 0.86974900E+01  0.52669558E+01  0.23078351E+03
 0.97700996E+01  0.48715029E+01  0.27909792E+03
 0.10974988E+02  0.44972263E+01  0.33783567E+03
 0.12328467E+02  0.41517387E+01  0.40930140E+03
 0.13848864E+02  0.38223467E+01  0.49639134E+03
 0.15556761E+02  0.35204252E+01  0.60262754E+03
 0.17475284E+02  0.32359946E+01  0.73233692E+03
 0.19630407E+02  0.29748498E+01  0.89082326E+03
 0.22051307E+02  0.27265030E+01  0.10848067E+04
 0.24770764E+02  0.25002291E+01  0.13225031E+04
 0.27825594E+02  0.22908346E+01  0.16138082E+04
 0.31257158E+02  0.20995119E+01  0.19708698E+04
 0.35111917E+02  0.19204699E+01  0.24089764E+04
 0.39442061E+02  0.17571703E+01  0.29468812E+04
 0.44306215E+02  0.16043385E+01  0.36080396E+04
 0.49770236E+02  0.14650013E+01  0.44214160E+04
 0.55908102E+02  0.13359993E+01  0.54227232E+04
 0.62802914E+02  0.12185027E+01  0.66560153E+04
 0.70548023E+02  0.11101070E+01  0.81759114E+04
 0.79248290E+02  0.10114726E+01  0.10049704E+05
 0.89021509E+02  0.91989021E+00  0.12362189E+05
 0.10000000E+03  0.83673931E+00  0.15218757E+05
