#   nzt =   1
#    zt = 0.3500E+02
#    wt = 0.1000E+01
#    zp = 0.1000E+01
#    rs =  0.33845900E+01
#    Te =  0.25000000E-01
#   rho =  0.64700000E+01
#  zbar =  0.40948384E+01
#   mep =  100
# mloss =  24
#   E/AMU (MeV)            dEdX           range
 0.10000000E-02  0.74391382E+01  0.35664923E-01
 0.11233240E-02  0.78641230E+01  0.37803017E-01
 0.12618569E-02  0.83133973E+01  0.40074897E-01
 0.14174742E-02  0.87844446E+01  0.42489584E-01
 0.15922828E-02  0.92821138E+01  0.45056590E-01
 0.17886495E-02  0.98020202E+01  0.47786413E-01
 0.20092330E-02  0.10350809E+02  0.50690240E-01
 0.22570197E-02  0.10922007E+02  0.53780437E-01
 0.25353645E-02  0.11524205E+02  0.57070230E-01
 0.28480359E-02  0.12149158E+02  0.60574165E-01
 0.31992671E-02  0.12807109E+02  0.64307846E-01
 0.35938137E-02  0.13488202E+02  0.68288394E-01
 0.40370173E-02  0.14204166E+02  0.72534203E-01
 0.45348785E-02  0.14942494E+02  0.77065643E-01
 0.50941380E-02  0.15717143E+02  0.81904652E-01
 0.57223677E-02  0.16512328E+02  0.87075654E-01
 0.64280731E-02  0.17344699E+02  0.92604997E-01
 0.72208090E-02  0.18191633E+02  0.98522708E-01
 0.81113083E-02  0.19074957E+02  0.10486145E+00
 0.91116276E-02  0.19967613E+02  0.11165800E+00
 0.10235310E-01  0.20895175E+02  0.11895248E+00
 0.11497570E-01  0.21824291E+02  0.12679041E+00
 0.12915497E-01  0.22785287E+02  0.13522157E+00
 0.14508288E-01  0.23732053E+02  0.14430408E+00
 0.16297508E-01  0.24703779E+02  0.15410306E+00
 0.18307383E-01  0.25691727E+02  0.16468265E+00
 0.20565123E-01  0.26714869E+02  0.17611048E+00
 0.23101297E-01  0.27735737E+02  0.18846573E+00
 0.25950242E-01  0.28785063E+02  0.20184211E+00
 0.29150531E-01  0.30113202E+02  0.21626348E+00
 0.32745492E-01  0.31611931E+02  0.23170412E+00
 0.36783798E-01  0.32609689E+02  0.24836861E+00
 0.41320124E-01  0.33399510E+02  0.26658666E+00
 0.46415888E-01  0.33899821E+02  0.28666433E+00
 0.52140083E-01  0.34309097E+02  0.30891562E+00
 0.58570208E-01  0.34403531E+02  0.33373023E+00
 0.65793322E-01  0.34361630E+02  0.36158464E+00
 0.73907220E-01  0.34052005E+02  0.39304108E+00
 0.83021757E-01  0.33643740E+02  0.42875751E+00
 0.93260335E-01  0.33114156E+02  0.46944764E+00
 0.10476158E+00  0.32536520E+02  0.51591867E+00
 0.11768120E+00  0.31745179E+02  0.56923650E+00
 0.13219411E+00  0.30841272E+02  0.63077033E+00
 0.14849683E+00  0.29908241E+02  0.70199458E+00
 0.16681005E+00  0.28976541E+02  0.78452873E+00
 0.18738174E+00  0.27973445E+02  0.88039248E+00
 0.21049041E+00  0.26923604E+02  0.99211059E+00
 0.23644894E+00  0.25815762E+02  0.11227540E+01
 0.26560878E+00  0.24680305E+02  0.12760580E+01
 0.29836472E+00  0.23566982E+02  0.14563095E+01
 0.33516027E+00  0.22475259E+02  0.16685009E+01
 0.37649358E+00  0.21420741E+02  0.19185241E+01
 0.42292429E+00  0.20402830E+02  0.22132973E+01
 0.47508102E+00  0.19414365E+02  0.25611064E+01
 0.53366992E+00  0.18448876E+02  0.29719924E+01
 0.59948425E+00  0.17517117E+02  0.34579036E+01
 0.67341507E+00  0.16610280E+02  0.40331778E+01
 0.75646333E+00  0.15740019E+02  0.47148786E+01
 0.84975344E+00  0.14887569E+02  0.55238430E+01
 0.95454846E+00  0.14090881E+02  0.64843410E+01
 0.10722672E+01  0.13344225E+02  0.76238536E+01
 0.12045035E+01  0.12621190E+02  0.89761215E+01
 0.13530478E+01  0.11890484E+02  0.10585702E+02
 0.15199111E+01  0.11210938E+02  0.12504332E+02
 0.17073526E+01  0.10571246E+02  0.14789831E+02
 0.19179103E+01  0.99514145E+01  0.17514076E+02
 0.21544347E+01  0.93110730E+01  0.20775657E+02
 0.24201283E+01  0.87090065E+01  0.24692369E+02
 0.27185882E+01  0.81256873E+01  0.29402437E+02
 0.30538555E+01  0.75765891E+01  0.35074314E+02
 0.34304693E+01  0.70358912E+01  0.41922421E+02
 0.38535286E+01  0.65311527E+01  0.50207735E+02
 0.43287613E+01  0.60448202E+01  0.60250355E+02
 0.48626016E+01  0.55967213E+01  0.72436890E+02
 0.54622772E+01  0.51746773E+01  0.87233135E+02
 0.61359073E+01  0.47838363E+01  0.10520910E+03
 0.68926121E+01  0.44108552E+01  0.12708319E+03
 0.77426368E+01  0.40676377E+01  0.15372925E+03
 0.86974900E+01  0.37431830E+01  0.18622524E+03
 0.97700996E+01  0.34467415E+01  0.22588133E+03
 0.10974988E+02  0.31726126E+01  0.27426779E+03
 0.12328467E+02  0.29201178E+01  0.33331202E+03
 0.13848864E+02  0.26809467E+01  0.40547209E+03
 0.15556761E+02  0.24617326E+01  0.49375393E+03
 0.17475284E+02  0.22566241E+01  0.60185049E+03
 0.19630407E+02  0.20679406E+01  0.73432060E+03
 0.22051307E+02  0.18889573E+01  0.89699027E+03
 0.24770764E+02  0.17255677E+01  0.10970344E+04
 0.27825594E+02  0.15743733E+01  0.13431906E+04
 0.31257158E+02  0.14364568E+01  0.16462437E+04
 0.35111917E+02  0.13088816E+01  0.20196254E+04
 0.39442061E+02  0.11926811E+01  0.24798916E+04
 0.44306215E+02  0.10846099E+01  0.30479199E+04
 0.49770236E+02  0.98651777E+00  0.37495452E+04
 0.55908102E+02  0.89721235E+00  0.46161121E+04
 0.62802914E+02  0.81609856E+00  0.56863119E+04
 0.70548023E+02  0.74165543E+00  0.70086251E+04
 0.79248290E+02  0.67407348E+00  0.86429307E+04
 0.89021509E+02  0.61182345E+00  0.10664334E+05
 0.10000000E+03  0.55536764E+00  0.13166338E+05
