#   nzt =   1
#    zt = 0.4700E+02
#    wt = 0.1000E+01
#    zp = 0.1000E+01
#    rs =  0.30943000E+01
#    Te =  0.25000000E-01
#   rho =  0.72300000E+01
#  zbar =  0.23252786E+01
#   mep =  100
# mloss =  24
#   E/AMU (MeV)            dEdX           range
 0.10000000E-02  0.56095461E+01  0.63872050E-01
 0.11233240E-02  0.59316564E+01  0.67700602E-01
 0.12618569E-02  0.62722783E+01  0.71767603E-01
 0.14174742E-02  0.66298216E+01  0.76088942E-01
 0.15922828E-02  0.70077134E+01  0.80681383E-01
 0.17886495E-02  0.74030410E+01  0.85563376E-01
 0.20092330E-02  0.78205292E+01  0.90754577E-01
 0.22570197E-02  0.82558228E+01  0.96276638E-01
 0.25353645E-02  0.87150267E+01  0.10215270E+00
 0.28480359E-02  0.91925769E+01  0.10840812E+00
 0.31992671E-02  0.96957572E+01  0.11507007E+00
 0.35938137E-02  0.10217924E+02  0.12216827E+00
 0.40370173E-02  0.10767425E+02  0.12973458E+00
 0.45348785E-02  0.11335873E+02  0.13780410E+00
 0.50941380E-02  0.11933170E+02  0.14641454E+00
 0.57223677E-02  0.12548729E+02  0.15560767E+00
 0.64280731E-02  0.13194358E+02  0.16542840E+00
 0.72208090E-02  0.13854893E+02  0.17592753E+00
 0.81113083E-02  0.14545735E+02  0.18716008E+00
 0.91116276E-02  0.15248728E+02  0.19918759E+00
 0.10235310E-01  0.15982091E+02  0.21207676E+00
 0.11497570E-01  0.16723983E+02  0.22590244E+00
 0.12915497E-01  0.17496623E+02  0.24074540E+00
 0.14508288E-01  0.18270374E+02  0.25669815E+00
 0.16297508E-01  0.19076336E+02  0.27386118E+00
 0.18307383E-01  0.19910620E+02  0.29233042E+00
 0.20565123E-01  0.20796201E+02  0.31220107E+00
 0.23101297E-01  0.21722690E+02  0.33357159E+00
 0.25950242E-01  0.22717852E+02  0.35654865E+00
 0.29150531E-01  0.23966926E+02  0.38112224E+00
 0.32745492E-01  0.25401045E+02  0.40720112E+00
 0.36783798E-01  0.26552244E+02  0.43502742E+00
 0.41320124E-01  0.27619704E+02  0.46501165E+00
 0.46415888E-01  0.28529807E+02  0.49751210E+00
 0.52140083E-01  0.29412780E+02  0.53288883E+00
 0.58570208E-01  0.30110830E+02  0.57157327E+00
 0.65793322E-01  0.30733550E+02  0.61408465E+00
 0.73907220E-01  0.31168957E+02  0.66102581E+00
 0.83021757E-01  0.31519775E+02  0.71310048E+00
 0.93260335E-01  0.31763749E+02  0.77105071E+00
 0.10476158E+00  0.31935097E+02  0.83571472E+00
 0.11768120E+00  0.31910496E+02  0.90818731E+00
 0.13219411E+00  0.31750455E+02  0.98984797E+00
 0.14849683E+00  0.31497430E+02  0.10821890E+01
 0.16681005E+00  0.31175003E+02  0.11868612E+01
 0.18738174E+00  0.30700711E+02  0.13059568E+01
 0.21049041E+00  0.30101314E+02  0.14421157E+01
 0.23644894E+00  0.29389834E+02  0.15984560E+01
 0.26560878E+00  0.28601268E+02  0.17786288E+01
 0.29836472E+00  0.27722306E+02  0.19870262E+01
 0.33516027E+00  0.26767477E+02  0.22290529E+01
 0.37649358E+00  0.25808146E+02  0.25108620E+01
 0.42292429E+00  0.24855999E+02  0.28393278E+01
 0.47508102E+00  0.23840494E+02  0.32231844E+01
 0.53366992E+00  0.22746832E+02  0.36740298E+01
 0.59948425E+00  0.21669016E+02  0.42053105E+01
 0.67341507E+00  0.20602635E+02  0.48323488E+01
 0.75646333E+00  0.19517092E+02  0.55744151E+01
 0.84975344E+00  0.18369785E+02  0.64574917E+01
 0.95454846E+00  0.17281679E+02  0.75118349E+01
 0.10722672E+01  0.16235040E+02  0.87716602E+01
 0.12045035E+01  0.15231561E+02  0.10278935E+02
 0.13530478E+01  0.14239203E+02  0.12087203E+02
 0.15199111E+01  0.13314012E+02  0.14259941E+02
 0.17073526E+01  0.12436368E+02  0.16871714E+02
 0.19179103E+01  0.11622758E+02  0.20011559E+02
 0.21544347E+01  0.10845457E+02  0.23788843E+02
 0.24201283E+01  0.10130747E+02  0.28333651E+02
 0.27185882E+01  0.94603725E+01  0.33799929E+02
 0.30538555E+01  0.88383601E+01  0.40373219E+02
 0.34304693E+01  0.82415700E+01  0.48284931E+02
 0.38535286E+01  0.76876371E+01  0.57813973E+02
 0.43287613E+01  0.71601206E+01  0.69299082E+02
 0.48626016E+01  0.66730330E+01  0.83145512E+02
 0.54622772E+01  0.62068606E+01  0.99851781E+02
 0.61359073E+01  0.57703230E+01  0.12002955E+03
 0.68926121E+01  0.53403883E+01  0.14447024E+03
 0.77426368E+01  0.49426812E+01  0.17413384E+03
 0.86974900E+01  0.45606908E+01  0.21019703E+03
 0.97700996E+01  0.42101516E+01  0.25408999E+03
 0.10974988E+02  0.38802064E+01  0.30754845E+03
 0.12328467E+02  0.35769739E+01  0.37269202E+03
 0.13848864E+02  0.32895025E+01  0.45217817E+03
 0.15556761E+02  0.30266985E+01  0.54924184E+03
 0.17475284E+02  0.27807713E+01  0.66783727E+03
 0.19630407E+02  0.25552352E+01  0.81281469E+03
 0.22051307E+02  0.23423671E+01  0.99027846E+03
 0.24770764E+02  0.21478969E+01  0.12077044E+04
 0.27825594E+02  0.19664803E+01  0.14742832E+04
 0.31257158E+02  0.18005315E+01  0.18013313E+04
 0.35111917E+02  0.16455775E+01  0.22029703E+04
 0.39442061E+02  0.15040134E+01  0.26965771E+04
 0.44306215E+02  0.13714015E+01  0.33040233E+04
 0.49770236E+02  0.12505512E+01  0.40523241E+04
 0.55908102E+02  0.11384218E+01  0.49749958E+04
 0.62802914E+02  0.10365167E+01  0.61134859E+04
 0.70548023E+02  0.94355007E+00  0.75182673E+04
 0.79248290E+02  0.85905268E+00  0.92514992E+04
 0.89021509E+02  0.78101737E+00  0.11391643E+05
 0.10000000E+03  0.71019362E+00  0.14036109E+05
