#   nzt =   1
#    zt = 0.8000E+01
#    wt = 0.1000E+01
#    zp = 0.1000E+01
#    rs =  0.26630400E+01
#    Te =  0.25000000E-01
#   rho =  0.14000000E+01
#  zbar =  0.18646928E+01
#   mep =  100
# mloss =  24
#   E/AMU (MeV)            dEdX           range
 0.10000000E-02  0.37408136E+01  0.14202704E-01
 0.11233240E-02  0.39551643E+01  0.15054078E-01
 0.12618569E-02  0.41818026E+01  0.15958580E-01
 0.14174742E-02  0.44195924E+01  0.16919766E-01
 0.15922828E-02  0.46708715E+01  0.17941390E-01
 0.17886495E-02  0.49336150E+01  0.19027584E-01
 0.20092330E-02  0.52110249E+01  0.20182752E-01
 0.22570197E-02  0.55000977E+01  0.21411750E-01
 0.25353645E-02  0.58049584E+01  0.22719769E-01
 0.28480359E-02  0.61217500E+01  0.24112511E-01
 0.31992671E-02  0.64554026E+01  0.25596087E-01
 0.35938137E-02  0.68013151E+01  0.27177192E-01
 0.40370173E-02  0.71651173E+01  0.28863012E-01
 0.45348785E-02  0.75410625E+01  0.30661474E-01
 0.50941380E-02  0.79357626E+01  0.32581106E-01
 0.57223677E-02  0.83418736E+01  0.34631384E-01
 0.64280731E-02  0.87673162E+01  0.36822523E-01
 0.72208090E-02  0.92015004E+01  0.39166125E-01
 0.81113083E-02  0.96548099E+01  0.41674794E-01
 0.91116276E-02  0.10114601E+02  0.44362681E-01
 0.10235310E-01  0.10593004E+02  0.47245198E-01
 0.11497570E-01  0.11075303E+02  0.50339636E-01
 0.12915497E-01  0.11575266E+02  0.53664827E-01
 0.14508288E-01  0.12071291E+02  0.57242761E-01
 0.16297508E-01  0.12581791E+02  0.61097916E-01
 0.18307383E-01  0.13095203E+02  0.65255869E-01
 0.20565123E-01  0.13625162E+02  0.69744346E-01
 0.23101297E-01  0.14168725E+02  0.74591688E-01
 0.25950242E-01  0.14733895E+02  0.79829903E-01
 0.29150531E-01  0.15438282E+02  0.85467193E-01
 0.32745492E-01  0.16230062E+02  0.91494613E-01
 0.36783798E-01  0.16810868E+02  0.97981833E-01
 0.41320124E-01  0.17305004E+02  0.10504153E+00
 0.46415888E-01  0.17694731E+02  0.11277313E+00
 0.52140083E-01  0.18051484E+02  0.12127466E+00
 0.58570208E-01  0.18212853E+02  0.13068837E+00
 0.65793322E-01  0.18279008E+02  0.14119777E+00
 0.73907220E-01  0.18183003E+02  0.15301533E+00
 0.83021757E-01  0.18015942E+02  0.16638901E+00
 0.93260335E-01  0.17761854E+02  0.18159114E+00
 0.10476158E+00  0.17466255E+02  0.19893273E+00
 0.11768120E+00  0.17056451E+02  0.21881307E+00
 0.13219411E+00  0.16586238E+02  0.24173551E+00
 0.14849683E+00  0.16093064E+02  0.26824835E+00
 0.16681005E+00  0.15596987E+02  0.29895600E+00
 0.18738174E+00  0.15039002E+02  0.33463808E+00
 0.21049041E+00  0.14439454E+02  0.37629929E+00
 0.23644894E+00  0.13802577E+02  0.42515421E+00
 0.26560878E+00  0.13146709E+02  0.48267055E+00
 0.29836472E+00  0.12465704E+02  0.55065687E+00
 0.33516027E+00  0.11761981E+02  0.63141426E+00
 0.37649358E+00  0.11073346E+02  0.72767633E+00
 0.42292429E+00  0.10400822E+02  0.84266761E+00
 0.47508102E+00  0.97403590E+01  0.98039124E+00
 0.53366992E+00  0.90860058E+01  0.11459306E+01
 0.59948425E+00  0.84524497E+01  0.13455572E+01
 0.67341507E+00  0.78355604E+01  0.15870773E+01
 0.75646333E+00  0.72579123E+01  0.18798777E+01
 0.84975344E+00  0.67135929E+01  0.22352348E+01
 0.95454846E+00  0.62090029E+01  0.26668276E+01
 0.10722672E+01  0.57393958E+01  0.31911766E+01
 0.12045035E+01  0.53021154E+01  0.38285448E+01
 0.13530478E+01  0.48902852E+01  0.46042436E+01
 0.15199111E+01  0.45095368E+01  0.55490885E+01
 0.17073526E+01  0.41547662E+01  0.67005991E+01
 0.19179103E+01  0.38263588E+01  0.81047947E+01
 0.21544347E+01  0.35184741E+01  0.98189858E+01
 0.24201283E+01  0.32350032E+01  0.11913199E+02
 0.27185882E+01  0.29717592E+01  0.14472994E+02
 0.30538555E+01  0.27289579E+01  0.17603594E+02
 0.34304693E+01  0.25019388E+01  0.21436506E+02
 0.38535286E+01  0.22931883E+01  0.26133358E+02
 0.43287613E+01  0.20991034E+01  0.31893910E+02
 0.48626016E+01  0.19216860E+01  0.38962820E+02
 0.54622772E+01  0.17585132E+01  0.47638234E+02
 0.61359073E+01  0.16080462E+01  0.58290429E+02
 0.68926121E+01  0.14664592E+01  0.71395392E+02
 0.77426368E+01  0.13369905E+01  0.87540188E+02
 0.86974900E+01  0.12172656E+01  0.10744723E+03
 0.97700996E+01  0.11081399E+01  0.13201013E+03
 0.10974988E+02  0.10080025E+01  0.16233201E+03
 0.12328467E+02  0.91666549E+00  0.19978030E+03
 0.13848864E+02  0.83237736E+00  0.24607593E+03
 0.15556761E+02  0.75585804E+00  0.30334841E+03
 0.17475284E+02  0.68628274E+00  0.37420058E+03
 0.19630407E+02  0.62289258E+00  0.46186491E+03
 0.22051307E+02  0.56405861E+00  0.57050007E+03
 0.24770764E+02  0.51086436E+00  0.70526554E+03
 0.27825594E+02  0.46310259E+00  0.87233087E+03
 0.31257158E+02  0.41978334E+00  0.10793469E+04
 0.35111917E+02  0.38025858E+00  0.13359831E+04
 0.39442061E+02  0.34439938E+00  0.16542316E+04
 0.44306215E+02  0.31129832E+00  0.20493855E+04
 0.49770236E+02  0.28140764E+00  0.25405076E+04
 0.55908102E+02  0.25470037E+00  0.31503824E+04
 0.62802914E+02  0.23050951E+00  0.39072211E+04
 0.70548023E+02  0.20818757E+00  0.48476759E+04
 0.79248290E+02  0.18803369E+00  0.60174813E+04
 0.89021509E+02  0.16995267E+00  0.74718276E+04
 0.10000000E+03  0.15361194E+00  0.92794094E+04
