2.500000E+00  1.380731E-01
2.750000E+00  1.287369E-01
3.000000E+00  1.203342E-01
3.250000E+00  1.131764E-01
3.500000E+00  1.067448E-01
3.750000E+00  1.013505E-01
4.000000E+00  9.647485E-02
4.250000E+00  9.201419E-02
4.500000E+00  8.796847E-02
4.750000E+00  8.433769E-02
5.000000E+00  8.112186E-02
5.250000E+00  7.790604E-02
5.500000E+00  7.520889E-02
5.750000E+00  7.251174E-02
6.000000E+00  7.012581E-02
6.250000E+00  6.794734E-02
6.500000E+00  6.587261E-02
6.750000E+00  6.390162E-02
7.000000E+00  6.224184E-02
7.250000E+00  6.047832E-02
7.500000E+00  5.892227E-02
