6.400000E-02  1.131297E+00
6.600000E-02  1.129236E+00
8.000000E-02  1.165688E+00
8.000000E-02  1.178568E+00
8.300000E-02  1.159248E+00
8.400000E-02  1.178568E+00
9.900000E-02  1.149587E+00
1.010000E-01  1.158217E+00
1.040000E-01  1.130266E+00
1.060000E-01  1.124857E+00
1.500000E-01  1.002492E+00
1.530000E-01  1.004681E+00
1.550000E-01  1.000431E+00
1.590000E-01  9.960513E-01
2.010000E-01  8.941663E-01
2.060000E-01  8.930071E-01
2.110000E-01  8.608057E-01
2.160000E-01  8.426442E-01
2.510000E-01  7.792720E-01
2.580000E-01  7.696116E-01
2.730000E-01  7.363798E-01
2.790000E-01  7.255602E-01
3.500000E-01  6.321764E-01
3.550000E-01  6.311459E-01
3.720000E-01  5.999750E-01
3.760000E-01  5.957245E-01
5.070000E-01  4.797997E-01
5.160000E-01  4.723290E-01
5.280000E-01  4.647295E-01
7.040000E-01  3.896360E-01
7.140000E-01  3.874463E-01
7.170000E-01  3.821653E-01
7.280000E-01  3.777859E-01
