6.300000E-02  1.292255E+00
6.500000E-02  1.302191E+00
7.900000E-02  1.314212E+00
8.200000E-02  1.320302E+00
1.040000E-01  1.290171E+00
1.060000E-01  1.290171E+00
1.550000E-01  1.113874E+00
1.590000E-01  1.099931E+00
2.100000E-01  9.556882E-01
2.160000E-01  9.356545E-01
2.720000E-01  8.173755E-01
2.780000E-01  8.013485E-01
3.690000E-01  6.611125E-01
3.750000E-01  6.530990E-01
5.170000E-01  5.149465E-01
5.270000E-01  5.088563E-01
7.130000E-01  4.187847E-01
7.240000E-01  4.147780E-01
