2.129300E+00  1.780824E-01
2.103500E+00  1.805939E-01
1.927900E+00  1.910324E-01
1.904700E+00  1.925236E-01
1.723100E+00  2.062585E-01
1.702300E+00  2.082991E-01
1.522400E+00  2.243100E-01
1.503400E+00  2.307458E-01
1.302900E+00  2.515443E-01
1.285500E+00  2.539773E-01
1.104700E+00  2.759531E-01
1.090700E+00  2.816825E-01
9.005000E-01  3.281456E-01
8.883000E-01  3.358371E-01
7.024000E-01  3.881866E-01
7.104000E-01  3.895208E-01
7.015000E-01  3.903057E-01
5.130000E-01  4.755403E-01
5.069000E-01  4.774240E-01
3.456000E-01  6.194817E-01
3.411000E-01  6.176766E-01
2.413000E-01  7.408980E-01
2.380000E-01  7.401131E-01
1.875000E-01  8.260541E-01
1.823000E-01  8.284872E-01
1.300000E-01  8.800518E-01
1.259000E-01  8.845254E-01
