2.129800E+00  1.962932E-01
2.103800E+00  1.988951E-01
1.928200E+00  2.097649E-01
1.905000E+00  2.132340E-01
1.722700E+00  2.315624E-01
1.702000E+00  2.317359E-01
1.522300E+00  2.504690E-01
1.503900E+00  2.519145E-01
1.303100E+00  2.768342E-01
1.285900E+00  2.793782E-01
9.000000E-01  3.647180E-01
8.886000E-01  3.670308E-01
7.128000E-01  4.239818E-01
7.031000E-01  4.109727E-01
7.018000E-01  4.288385E-01
5.153000E-01  5.023256E-01
5.057000E-01  5.154504E-01
3.527000E-01  6.432289E-01
3.477000E-01  6.456573E-01
2.559000E-01  7.727420E-01
2.510000E-01  7.731467E-01
2.049000E-01  8.562895E-01
2.001000E-01  8.584865E-01
1.521000E-01  9.333613E-01
1.497000E-01  9.390853E-01
1.004000E-01  1.040556E+00
9.790000E-02  1.031479E+00
8.110000E-02  1.023674E+00
7.870000E-02  1.015752E+00
5.780000E-02  1.008236E+00
5.530000E-02  1.005576E+00
