2.132700E+00  1.165636E-01
2.107200E+00  1.196349E-01
1.928700E+00  1.291016E-01
1.905400E+00  1.301495E-01
1.723200E+00  1.374121E-01
1.702400E+00  1.392187E-01
1.522200E+00  1.510341E-01
1.503900E+00  1.523710E-01
1.298300E+00  1.681970E-01
1.281200E+00  1.701843E-01
1.100400E+00  1.875280E-01
1.086400E+00  1.901295E-01
8.991000E-01  2.101469E-01
8.869000E-01  2.140854E-01
6.972000E-01  2.488810E-01
5.150000E-01  3.023572E-01
5.047000E-01  3.075964E-01
3.520000E-01  3.832941E-01
3.471000E-01  3.872687E-01
2.551000E-01  4.588112E-01
2.501000E-01  4.605817E-01
2.043000E-01  4.974730E-01
1.989000E-01  4.974007E-01
1.519000E-01  5.122151E-01
1.491000E-01  5.141301E-01
1.011000E-01  5.234884E-01
9.860000E-02  5.173459E-01
8.140000E-02  4.995687E-01
7.880000E-02  5.001107E-01
5.820000E-02  4.744566E-01
5.560000E-02  4.824057E-01
