3.000000E-02  8.945109E-01
4.000000E-02  9.715904E-01
5.000000E-02  1.025537E+00
6.000000E-02  1.046357E+00
7.000000E-02  1.044876E+00
8.000000E-02  1.036363E+00
9.000000E-02  1.029423E+00
1.000000E-01  1.015543E+00
1.500000E-01  8.983048E-01
2.000000E-01  7.865256E-01
2.500000E-01  6.877935E-01
3.000000E-01  6.153406E-01
3.500000E-01  5.567676E-01
4.000000E-01  5.112416E-01
4.500000E-01  4.734884E-01
5.000000E-01  4.418423E-01
5.500000E-01  4.156556E-01
6.000000E-01  3.932628E-01
