6.000000E-01  1.220095E-01
7.000000E-01  1.120219E-01
8.000000E-01  1.049955E-01
9.000000E-01  9.862146E-02
1.000000E+00  9.320104E-02
1.100000E+00  8.853346E-02
1.200000E+00  8.451834E-02
1.300000E+00  8.090473E-02
1.400000E+00  7.759225E-02
1.500000E+00  7.463110E-02
1.600000E+00  7.182051E-02
1.700000E+00  6.931106E-02
1.800000E+00  6.700236E-02
1.900000E+00  6.489442E-02
2.000000E+00  6.298724E-02
2.100000E+00  6.133100E-02
2.200000E+00  5.972495E-02
2.300000E+00  5.831966E-02
2.400000E+00  5.691437E-02
2.500000E+00  5.560945E-02
2.600000E+00  5.450529E-02
2.700000E+00  5.350151E-02
2.800000E+00  5.259811E-02
