2.136900E+00  1.056000E-01
2.118000E+00  1.088377E-01
1.934300E+00  1.147155E-01
1.916900E+00  1.162098E-01
1.727900E+00  1.253751E-01
1.713500E+00  1.237811E-01
1.527200E+00  1.366823E-01
1.514300E+00  1.366324E-01
1.311900E+00  1.477902E-01
1.298900E+00  1.518747E-01
9.061000E-01  1.934173E-01
8.981000E-01  1.943638E-01
7.107000E-01  2.241509E-01
7.078000E-01  2.180739E-01
7.011000E-01  2.204151E-01
7.004000E-01  2.259441E-01
5.151000E-01  2.657932E-01
5.044000E-01  2.708241E-01
3.526000E-01  3.365253E-01
3.473000E-01  3.396634E-01
3.027000E-01  3.634732E-01
2.559000E-01  3.974943E-01
2.502000E-01  4.012800E-01
2.038000E-01  4.460603E-01
1.983000E-01  4.451637E-01
1.511000E-01  4.884996E-01
1.481000E-01  4.947758E-01
9.950000E-02  5.442883E-01
9.690000E-02  5.427441E-01
8.040000E-02  5.383607E-01
7.780000E-02  5.279003E-01
