2.129800E+00  1.211211E-01
2.104400E+00  1.221534E-01
1.928200E+00  1.286912E-01
1.904900E+00  1.312719E-01
1.722600E+00  1.410785E-01
1.701800E+00  1.425409E-01
1.522000E+00  1.557025E-01
1.503800E+00  1.556165E-01
1.302700E+00  1.708427E-01
1.285200E+00  1.730793E-01
8.996000E-01  2.253816E-01
8.878000E-01  2.272741E-01
7.047000E-01  2.661567E-01
7.027000E-01  2.567801E-01
6.937000E-01  2.592748E-01
6.991000E-01  2.683933E-01
5.128000E-01  3.151901E-01
5.040000E-01  3.182869E-01
3.504000E-01  4.045685E-01
3.447000E-01  4.040524E-01
2.545000E-01  4.681399E-01
2.492000E-01  4.723550E-01
2.035000E-01  5.129581E-01
1.983000E-01  5.166571E-01
1.510000E-01  5.437545E-01
1.485000E-01  5.435825E-01
9.980000E-02  5.632819E-01
9.720000E-02  5.656905E-01
8.050000E-02  5.454750E-01
7.820000E-02  5.330016E-01
5.520000E-02  5.083989E-01
