2.129700E+00  1.168931E-01
2.104000E+00  1.183987E-01
1.927900E+00  1.251741E-01
1.904600E+00  1.270220E-01
1.723500E+00  1.353030E-01
1.702400E+00  1.369456E-01
1.522300E+00  1.481010E-01
1.503900E+00  1.491961E-01
1.302700E+00  1.649369E-01
1.285400E+00  1.666479E-01
1.104500E+00  1.836891E-01
1.090700E+00  1.851947E-01
9.069000E-01  2.116805E-01
8.887000E-01  2.169502E-01
7.101000E-01  2.519223E-01
7.026000E-01  2.458313E-01
7.012000E-01  2.543177E-01
6.930000E-01  2.508273E-01
5.131000E-01  3.084526E-01
5.079000E-01  3.096845E-01
3.456000E-01  3.842825E-01
3.406000E-01  3.919476E-01
2.414000E-01  4.562114E-01
2.381000E-01  4.588121E-01
1.879000E-01  4.967271E-01
1.825000E-01  4.997384E-01
1.299000E-01  4.983011E-01
1.260000E-01  5.050081E-01
