2.133000E+00  9.205695E-02
2.107700E+00  9.282544E-02
1.929000E+00  9.982274E-02
1.905900E+00  1.002677E-01
1.723300E+00  1.064560E-01
1.702900E+00  1.068605E-01
1.522300E+00  1.161633E-01
1.504000E+00  1.172149E-01
1.299100E+00  1.273670E-01
1.282100E+00  1.282569E-01
1.100600E+00  1.410785E-01
1.086800E+00  1.428582E-01
8.986000E-01  1.616659E-01
8.872000E-01  1.629602E-01
6.974000E-01  1.826174E-01
6.887000E-01  1.828196E-01
5.150000E-01  2.147321E-01
3.525000E-01  2.656142E-01
3.473000E-01  2.695780E-01
2.557000E-01  3.080834E-01
2.510000E-01  3.091755E-01
2.048000E-01  3.363962E-01
1.999000E-01  3.391061E-01
1.520000E-01  3.610283E-01
1.493000E-01  3.645472E-01
1.001000E-01  3.833954E-01
9.790000E-02  3.819393E-01
8.090000E-02  3.732837E-01
7.870000E-02  3.751038E-01
5.680000E-02  3.933453E-01
5.540000E-02  3.590464E-01
