2.132300E+00  1.108183E-01
2.106500E+00  1.127210E-01
1.928800E+00  1.214274E-01
1.905300E+00  1.226382E-01
1.723200E+00  1.294418E-01
1.702600E+00  1.302490E-01
1.522500E+00  1.396472E-01
1.504200E+00  1.419535E-01
1.299000E+00  1.570599E-01
1.281600E+00  1.585013E-01
1.100400E+00  1.753374E-01
1.086500E+00  1.769518E-01
8.992000E-01  1.949411E-01
8.877000E-01  1.990348E-01
7.137000E-01  2.262493E-01
7.032000E-01  2.337448E-01
6.972000E-01  2.299970E-01
6.885000E-01  2.325916E-01
5.158000E-01  2.827539E-01
5.057000E-01  2.819467E-01
3.527000E-01  3.520586E-01
3.482000E-01  3.550568E-01
2.556000E-01  4.138101E-01
2.505000E-01  4.153092E-01
2.046000E-01  4.545742E-01
1.992000E-01  4.553814E-01
1.516000E-01  4.969527E-01
1.491000E-01  4.981635E-01
9.960000E-02  5.195546E-01
9.750000E-02  5.167870E-01
8.030000E-02  5.061780E-01
5.480000E-02  4.884193E-01
