3.160000E-01  2.214380E-01
3.400000E-01  2.112523E-01
3.830000E-01  1.992108E-01
4.390000E-01  1.919743E-01
4.820000E-01  1.836733E-01
5.340000E-01  1.764512E-01
5.830000E-01  1.649420E-01
6.820000E-01  1.563820E-01
7.780000E-01  1.478220E-01
8.700000E-01  1.371183E-01
9.690000E-01  1.309609E-01
1.062000E+00  1.234799E-01
1.158000E+00  1.192071E-01
1.257000E+00  1.146609E-01
1.406000E+00  1.077122E-01
1.552000E+00  1.010368E-01
1.694000E+00  9.355583E-02
1.846000E+00  9.089432E-02
2.041000E+00  8.368665E-02
2.234000E+00  7.836362E-02
2.426000E+00  7.678110E-02
