6.000000E-02  1.144064E+00
6.200000E-02  1.152451E+00
7.900000E-02  1.179707E+00
8.200000E-02  1.180406E+00
9.800000E-02  1.181804E+00
1.010000E-01  1.183201E+00
1.490000E-01  1.051812E+00
1.520000E-01  1.044125E+00
1.980000E-01  9.148320E-01
2.040000E-01  9.029511E-01
2.490000E-01  8.058070E-01
2.550000E-01  7.974204E-01
3.460000E-01  6.520537E-01
3.520000E-01  6.464627E-01
5.040000E-01  4.969026E-01
5.150000E-01  4.864195E-01
7.000000E-01  4.025540E-01
7.100000E-01  4.018552E-01
