5.900000E-02  1.132290E+00
6.200000E-02  1.147910E+00
8.000000E-02  1.179843E+00
8.200000E-02  1.165328E+00
9.800000E-02  1.171410E+00
1.010000E-01  1.164222E+00
1.480000E-01  1.039810E+00
1.510000E-01  1.038013E+00
1.970000E-01  9.165036E-01
2.040000E-01  8.997771E-01
2.490000E-01  8.084032E-01
2.550000E-01  7.920913E-01
3.460000E-01  6.502614E-01
3.520000E-01  6.430731E-01
5.140000E-01  4.868666E-01
5.260000E-01  4.778813E-01
6.980000E-01  4.026810E-01
7.100000E-01  4.008839E-01
