5.800000E-02  1.129455E+00
6.000000E-02  1.138503E+00
7.900000E-02  1.167432E+00
8.200000E-02  1.172231E+00
9.700000E-02  1.162222E+00
1.000000E-01  1.147415E+00
1.530000E-01  1.021417E+00
1.560000E-01  1.006610E+00
1.970000E-01  9.100898E-01
2.040000E-01  8.922664E-01
2.490000E-01  7.994477E-01
2.550000E-01  7.931409E-01
3.440000E-01  6.560379E-01
3.500000E-01  6.449326E-01
5.030000E-01  4.961758E-01
5.150000E-01  4.883609E-01
6.990000E-01  4.023973E-01
7.100000E-01  3.975987E-01
