6.000000E-02  1.155342E+00
6.200000E-02  1.139447E+00
8.000000E-02  1.197917E+00
8.200000E-02  1.199620E+00
9.800000E-02  1.197065E+00
1.010000E-01  1.202174E+00
1.490000E-01  1.047627E+00
1.520000E-01  1.049330E+00
1.970000E-01  9.282757E-01
2.030000E-01  9.123810E-01
2.490000E-01  8.155940E-01
2.550000E-01  8.031054E-01
3.480000E-01  6.562218E-01
3.520000E-01  6.519643E-01
5.040000E-01  5.033777E-01
5.150000E-01  4.975592E-01
6.970000E-01  4.057392E-01
7.120000E-01  3.990691E-01
