5.431000E-01  3.155192E-01
5.509000E-01  3.090225E-01
6.141000E-01  2.945581E-01
6.237000E-01  2.921065E-01
6.642000E-01  2.756809E-01
6.889000E-01  2.751293E-01
6.949000E-01  2.654455E-01
7.255000E-01  2.602359E-01
7.294000E-01  2.572327E-01
7.657000E-01  2.542295E-01
7.695000E-01  2.512263E-01
8.191000E-01  2.467522E-01
8.231000E-01  2.415426E-01
8.669000E-01  2.382942E-01
8.423000E-01  2.357813E-01
9.110000E-01  2.287943E-01
9.282000E-01  2.248105E-01
9.226000E-01  2.221137E-01
9.569000E-01  2.188654E-01
9.646000E-01  2.161074E-01
1.010300E+00  2.143300E-01
9.857000E-01  2.121235E-01
1.016200E+00  2.098558E-01
1.023900E+00  2.070978E-01
1.067800E+00  2.016430E-01
1.102000E+00  2.023785E-01
1.104000E+00  1.983946E-01
1.132600E+00  1.958818E-01
1.157500E+00  1.923883E-01
1.188100E+00  1.866883E-01
1.253000E+00  1.797013E-01
1.287300E+00  1.754723E-01
1.355800E+00  1.736949E-01
1.352200E+00  1.689756E-01
1.451200E+00  1.664627E-01
1.548300E+00  1.607015E-01
1.662600E+00  1.557370E-01
1.744700E+00  1.459920E-01
