#   nzt =   1
#    zt = 0.6300E+02
#    wt = 0.1000E+01
#    zp = 0.1000E+01
#    rs =  0.42642800E+01
#    Te =  0.25000000E-01
#   rho =  0.52440000E+01
#  zbar =  0.21967840E+01
#   mep =  100
# mloss =  24
#   E/AMU (MeV)            dEdX           range
 0.10000000E-02  0.12383011E+02  0.40760027E-01
 0.11233240E-02  0.13078779E+02  0.43204704E-01
 0.12618569E-02  0.13813451E+02  0.45804607E-01
 0.14174742E-02  0.14578035E+02  0.48570914E-01
 0.15922828E-02  0.15384611E+02  0.51515394E-01
 0.17886495E-02  0.16221470E+02  0.54651010E-01
 0.20092330E-02  0.17103229E+02  0.57991635E-01
 0.22570197E-02  0.18015718E+02  0.61552514E-01
 0.25353645E-02  0.18975899E+02  0.65349989E-01
 0.28480359E-02  0.19965945E+02  0.69402148E-01
 0.31992671E-02  0.21006154E+02  0.73728412E-01
 0.35938137E-02  0.22073632E+02  0.78350440E-01
 0.40370173E-02  0.23193150E+02  0.83291506E-01
 0.45348785E-02  0.24331683E+02  0.88578204E-01
 0.50941380E-02  0.25522330E+02  0.94239263E-01
 0.57223677E-02  0.26720716E+02  0.10030767E+00
 0.64280731E-02  0.27969268E+02  0.10681920E+00
 0.72208090E-02  0.29205712E+02  0.11381585E+00
 0.81113083E-02  0.30486374E+02  0.12134386E+00
 0.91116276E-02  0.31753230E+02  0.12945419E+00
 0.10235310E-01  0.33061346E+02  0.13820283E+00
 0.11497570E-01  0.34367083E+02  0.14764953E+00
 0.12915497E-01  0.35715205E+02  0.15785769E+00
 0.14508288E-01  0.36935106E+02  0.16891934E+00
 0.16297508E-01  0.38152601E+02  0.18094803E+00
 0.18307383E-01  0.39684463E+02  0.19398418E+00
 0.20565123E-01  0.41376281E+02  0.20802947E+00
 0.23101297E-01  0.42340625E+02  0.22330320E+00
 0.25950242E-01  0.43068588E+02  0.24012382E+00
 0.29150531E-01  0.43287214E+02  0.25881728E+00
 0.32745492E-01  0.43378222E+02  0.27974372E+00
 0.36783798E-01  0.43150012E+02  0.30329326E+00
 0.41320124E-01  0.42862196E+02  0.32991217E+00
 0.46415888E-01  0.42530817E+02  0.36003539E+00
 0.52140083E-01  0.42268765E+02  0.39410607E+00
 0.58570208E-01  0.41908724E+02  0.43266269E+00
 0.65793322E-01  0.41572221E+02  0.47633841E+00
 0.73907220E-01  0.41234131E+02  0.52580369E+00
 0.83021757E-01  0.40969993E+02  0.58177340E+00
 0.93260335E-01  0.40701299E+02  0.64505524E+00
 0.10476158E+00  0.40473714E+02  0.71656768E+00
 0.11768120E+00  0.40172529E+02  0.79742519E+00
 0.13219411E+00  0.39851897E+02  0.88896765E+00
 0.14849683E+00  0.39535637E+02  0.99262779E+00
 0.16681005E+00  0.39233264E+02  0.11099614E+01
 0.18738174E+00  0.38776905E+02  0.12430363E+01
 0.21049041E+00  0.38185849E+02  0.13945664E+01
 0.23644894E+00  0.37465340E+02  0.15677455E+01
 0.26560878E+00  0.36627246E+02  0.17663651E+01
 0.29836472E+00  0.35606350E+02  0.19952224E+01
 0.33516027E+00  0.34401998E+02  0.22605377E+01
 0.37649358E+00  0.33118658E+02  0.25696035E+01
 0.42292429E+00  0.31768521E+02  0.29308655E+01
 0.47508102E+00  0.30301822E+02  0.33551125E+01
 0.53366992E+00  0.28724139E+02  0.38564130E+01
 0.59948425E+00  0.27142365E+02  0.44514979E+01
 0.67341507E+00  0.25570159E+02  0.51600662E+01
 0.75646333E+00  0.24037042E+02  0.60058817E+01
 0.84975344E+00  0.22528004E+02  0.70183479E+01
 0.95454846E+00  0.21127871E+02  0.82315857E+01
 0.10722672E+01  0.19829110E+02  0.96840988E+01
 0.12045035E+01  0.18594726E+02  0.11423033E+02
 0.13530478E+01  0.17379637E+02  0.13510056E+02
 0.15199111E+01  0.16272716E+02  0.16016410E+02
 0.17073526E+01  0.15254877E+02  0.19021126E+02
 0.19179103E+01  0.14291287E+02  0.22621696E+02
 0.21544347E+01  0.13318049E+02  0.26951511E+02
 0.24201283E+01  0.12417487E+02  0.32169624E+02
 0.27185882E+01  0.11556824E+02  0.38462413E+02
 0.30538555E+01  0.10755810E+02  0.46056553E+02
 0.34304693E+01  0.99730013E+01  0.55241152E+02
 0.38535286E+01  0.92495802E+01  0.66366544E+02
 0.43287613E+01  0.85585011E+01  0.79859147E+02
 0.48626016E+01  0.79269275E+01  0.96231302E+02
 0.54622772E+01  0.73365028E+01  0.11609578E+03
 0.61359073E+01  0.67935192E+01  0.14019691E+03
 0.68926121E+01  0.62775067E+01  0.16946846E+03
 0.77426368E+01  0.58060229E+01  0.20503415E+03
 0.86974900E+01  0.53611582E+01  0.24827083E+03
 0.97700996E+01  0.49575903E+01  0.30083145E+03
 0.10974988E+02  0.45849046E+01  0.36467668E+03
 0.12328467E+02  0.42437864E+01  0.44217888E+03
 0.13848864E+02  0.39180083E+01  0.53636842E+03
 0.15556761E+02  0.36198526E+01  0.65091375E+03
 0.17475284E+02  0.33329136E+01  0.79044241E+03
 0.19630407E+02  0.30698521E+01  0.96062537E+03
 0.22051307E+02  0.28184463E+01  0.11685444E+04
 0.24770764E+02  0.25889804E+01  0.14228565E+04
 0.27825594E+02  0.23723390E+01  0.17342710E+04
 0.31257158E+02  0.21749249E+01  0.21159253E+04
 0.35111917E+02  0.19907168E+01  0.25839789E+04
 0.39442061E+02  0.18231325E+01  0.31581930E+04
 0.44306215E+02  0.16661899E+01  0.38633204E+04
 0.49770236E+02  0.15237073E+01  0.47297439E+04
 0.55908102E+02  0.13924570E+01  0.57944440E+04
 0.62802914E+02  0.12733525E+01  0.71026051E+04
 0.70548023E+02  0.11623393E+01  0.87111314E+04
 0.79248290E+02  0.10615502E+01  0.10689945E+05
 0.89021509E+02  0.96766711E+00  0.13126384E+05
 0.10000000E+03  0.88256842E+00  0.16128584E+05
