#   nzt =   1
#    zt = 0.7400E+02
#    wt = 0.1000E+01
#    zp = 0.1000E+01
#    rs =  0.29404900E+01
#    Te =  0.25000000E-01
#   rho =  0.19350000E+02
#  zbar =  0.44208967E+01
#   mep =  100
# mloss =  24
#   E/AMU (MeV)            dEdX           range
 0.10000000E-02  0.46485452E+01  0.13143708E+00
 0.11233240E-02  0.49333011E+01  0.13930102E+00
 0.12618569E-02  0.52346160E+01  0.14762532E+00
 0.14174742E-02  0.55515172E+01  0.15644025E+00
 0.15922828E-02  0.58869696E+01  0.16577752E+00
 0.17886495E-02  0.62395031E+01  0.17567123E+00
 0.20092330E-02  0.66129233E+01  0.18615729E+00
 0.22570197E-02  0.70053043E+01  0.19727417E+00
 0.25353645E-02  0.74211824E+01  0.20906233E+00
 0.28480359E-02  0.78578330E+01  0.22156539E+00
 0.31992671E-02  0.83206439E+01  0.23482947E+00
 0.35938137E-02  0.88060835E+01  0.24890436E+00
 0.40370173E-02  0.93203160E+01  0.26384299E+00
 0.45348785E-02  0.98590166E+01  0.27970262E+00
 0.50941380E-02  0.10429161E+02  0.29654422E+00
 0.57223677E-02  0.11024284E+02  0.31443517E+00
 0.64280731E-02  0.11653282E+02  0.33344736E+00
 0.72208090E-02  0.12306360E+02  0.35366135E+00
 0.81113083E-02  0.12995350E+02  0.37516356E+00
 0.91116276E-02  0.13709051E+02  0.39804875E+00
 0.10235310E-01  0.14461022E+02  0.42241869E+00
 0.11497570E-01  0.15241455E+02  0.44838172E+00
 0.12915497E-01  0.16063559E+02  0.47605334E+00
 0.14508288E-01  0.16914459E+02  0.50556057E+00
 0.16297508E-01  0.17809308E+02  0.53704008E+00
 0.18307383E-01  0.18734286E+02  0.57064077E+00
 0.20565123E-01  0.19705607E+02  0.60652361E+00
 0.23101297E-01  0.20716347E+02  0.64485540E+00
 0.25950242E-01  0.21779528E+02  0.68581382E+00
 0.29150531E-01  0.22897178E+02  0.72957792E+00
 0.32745492E-01  0.24077745E+02  0.77633509E+00
 0.36783798E-01  0.25332110E+02  0.82627081E+00
 0.41320124E-01  0.26664490E+02  0.87959479E+00
 0.46415888E-01  0.28316986E+02  0.93625387E+00
 0.52140083E-01  0.30204378E+02  0.99598856E+00
 0.58570208E-01  0.31712535E+02  0.10593746E+01
 0.65793322E-01  0.33036204E+02  0.11274791E+01
 0.73907220E-01  0.34122388E+02  0.12012500E+01
 0.83021757E-01  0.35106964E+02  0.12816367E+01
 0.93260335E-01  0.35821744E+02  0.13697773E+01
 0.10476158E+00  0.36394695E+02  0.14670268E+01
 0.11768120E+00  0.36731975E+02  0.15749187E+01
 0.13219411E+00  0.36926390E+02  0.16952653E+01
 0.14849683E+00  0.37031653E+02  0.18299200E+01
 0.16681005E+00  0.37070978E+02  0.19808720E+01
 0.18738174E+00  0.36947678E+02  0.21506261E+01
 0.21049041E+00  0.36672101E+02  0.23423534E+01
 0.23644894E+00  0.36227360E+02  0.25598637E+01
 0.26560878E+00  0.35624319E+02  0.28077581E+01
 0.29836472E+00  0.34814796E+02  0.30918163E+01
 0.33516027E+00  0.33803754E+02  0.34194502E+01
 0.37649358E+00  0.32692682E+02  0.37992988E+01
 0.42292429E+00  0.31496637E+02  0.42413012E+01
 0.47508102E+00  0.30144265E+02  0.47583570E+01
 0.53366992E+00  0.28645410E+02  0.53675676E+01
 0.59948425E+00  0.27128859E+02  0.60890725E+01
 0.67341507E+00  0.25613622E+02  0.69462358E+01
 0.75646333E+00  0.24112939E+02  0.79675440E+01
 0.84975344E+00  0.22612537E+02  0.91888675E+01
 0.95454846E+00  0.21210355E+02  0.10651860E+02
 0.10722672E+01  0.19899849E+02  0.12403651E+02
 0.12045035E+01  0.18664192E+02  0.14501149E+02
 0.13530478E+01  0.17463164E+02  0.17016825E+02
 0.15199111E+01  0.16367410E+02  0.20034708E+02
 0.17073526E+01  0.15355364E+02  0.23649762E+02
 0.19179103E+01  0.14415192E+02  0.27975997E+02
 0.21544347E+01  0.13495209E+02  0.33160883E+02
 0.24201283E+01  0.12659263E+02  0.39376263E+02
 0.27185882E+01  0.11881196E+02  0.46816924E+02
 0.30538555E+01  0.11157983E+02  0.55717399E+02
 0.34304693E+01  0.10435803E+02  0.66387397E+02
 0.38535286E+01  0.97687777E+01  0.79196937E+02
 0.43287613E+01  0.91248277E+01  0.94586522E+02
 0.48626016E+01  0.85283884E+01  0.11308540E+03
 0.54622772E+01  0.79400359E+01  0.13536473E+03
 0.61359073E+01  0.73902799E+01  0.16224578E+03
 0.68926121E+01  0.68439070E+01  0.19477782E+03
 0.77426368E+01  0.63406324E+01  0.23423039E+03
 0.86974900E+01  0.58582347E+01  0.28213940E+03
 0.97700996E+01  0.54183489E+01  0.34035791E+03
 0.10974988E+02  0.50089578E+01  0.41108565E+03
 0.12328467E+02  0.46342383E+01  0.49698420E+03
 0.13848864E+02  0.42794175E+01  0.60138833E+03
 0.15556761E+02  0.39555021E+01  0.72832150E+03
 0.17475284E+02  0.36493441E+01  0.88274148E+03
 0.19630407E+02  0.33694400E+01  0.10706645E+04
 0.22051307E+02  0.31030771E+01  0.12996186E+04
 0.24770764E+02  0.28597846E+01  0.15787474E+04
 0.27825594E+02  0.26266234E+01  0.19196042E+04
 0.31257158E+02  0.24137819E+01  0.23363521E+04
 0.35111917E+02  0.22130267E+01  0.28464250E+04
 0.39442061E+02  0.20300606E+01  0.34711490E+04
 0.44306215E+02  0.18572967E+01  0.42372767E+04
 0.49770236E+02  0.17001877E+01  0.51776573E+04
 0.55908102E+02  0.15542513E+01  0.63324994E+04
 0.62802914E+02  0.14217717E+01  0.77510539E+04
 0.70548023E+02  0.12994731E+01  0.94938668E+04
 0.79248290E+02  0.11884426E+01  0.11635017E+05
 0.89021509E+02  0.10853916E+01  0.14266972E+05
 0.10000000E+03  0.99201766E+00  0.17503546E+05
