2.500000E-01  1.381875E+00
3.125000E-01  1.320323E+00
3.750000E-01  1.223456E+00
4.375000E-01  1.138697E+00
5.000000E-01  1.055956E+00
5.625000E-01  9.939004E-01
6.250000E-01  9.237724E-01
6.875000E-01  8.788703E-01
7.500000E-01  8.354817E-01
8.125000E-01  7.946158E-01
8.750000E-01  7.471911E-01
9.375000E-01  7.164155E-01
1.000000E+00  6.851354E-01
1.062500E+00  6.679818E-01
1.125000E+00  6.462875E-01
1.187500E+00  6.301429E-01
1.250000E+00  6.150074E-01
1.312500E+00  5.998718E-01
1.375000E+00  5.837273E-01
1.437500E+00  5.665737E-01
1.500000E+00  5.499246E-01
1.562500E+00  5.332755E-01
1.625000E+00  5.171309E-01
1.687500E+00  5.035089E-01
1.750000E+00  4.878689E-01
1.812500E+00  4.737424E-01
1.875000E+00  4.606249E-01
1.937500E+00  4.475074E-01
2.000000E+00  4.374171E-01
