2.500000E-01  1.354631E+00
3.125000E-01  1.297620E+00
3.750000E-01  1.201257E+00
4.375000E-01  1.116498E+00
5.000000E-01  1.038298E+00
5.625000E-01  9.681700E-01
6.250000E-01  9.066188E-01
6.875000E-01  8.687799E-01
7.500000E-01  8.248869E-01
8.125000E-01  7.820028E-01
8.750000E-01  7.360917E-01
9.375000E-01  7.063251E-01
1.000000E+00  6.790812E-01
1.062500E+00  6.624321E-01
1.125000E+00  6.377107E-01
1.187500E+00  6.160164E-01
1.250000E+00  5.943222E-01
1.312500E+00  5.771685E-01
1.375000E+00  5.685917E-01
1.437500E+00  5.569878E-01
1.500000E+00  5.463929E-01
1.562500E+00  5.332755E-01
1.625000E+00  5.166264E-01
1.687500E+00  4.989683E-01
1.750000E+00  4.883734E-01
1.812500E+00  4.767695E-01
1.875000E+00  4.641565E-01
1.937500E+00  4.520481E-01
2.000000E+00  4.384261E-01
