1.375000E+00  9.745626E-01
1.312500E+00  1.002210E+00
1.250000E+00  1.032622E+00
1.187500E+00  1.065798E+00
1.125000E+00  1.101740E+00
1.062500E+00  1.143210E+00
1.000000E+00  1.190211E+00
9.375000E-01  1.242740E+00
8.750000E-01  1.303564E+00
8.125000E-01  1.372682E+00
7.500000E-01  1.452859E+00
6.875000E-01  1.548241E+00
6.250000E-01  1.658830E+00
5.625000E-01  1.788772E+00
5.000000E-01  1.942213E+00
4.375000E-01  2.117773E+00
3.750000E-01  2.308538E+00
3.125000E-01  2.515892E+00
2.500000E-01  2.690069E+00
1.875000E-01  2.763334E+00
1.250000E-01  2.611275E+00
