#   nzt =   1
#    zt = 0.2000E+01
#    wt = 0.1000E+01
#    zp = 0.1000E+01
#    rs =  0.39132700E+02
#    Te =  0.25000000E-01
#   rho =  0.17870000E-03
#  zbar =  0.35429937E-10
#   mep =  100
# mloss =  24
#   E/AMU (MeV)            dEdX           range
 0.10000000E-02  0.71722128E+00  0.18533164E-01
 0.11233240E-02  0.78515752E+00  0.19624699E-01
 0.12618569E-02  0.85768151E+00  0.20745797E-01
 0.14174742E-02  0.93333187E+00  0.21900979E-01
 0.15922828E-02  0.10152920E+01  0.23093655E-01
 0.17886495E-02  0.11005404E+01  0.24327470E-01
 0.20092330E-02  0.11923589E+01  0.25606456E-01
 0.22570197E-02  0.12888692E+01  0.26934063E-01
 0.25353645E-02  0.13920454E+01  0.28314281E-01
 0.28480359E-02  0.14998698E+01  0.29751572E-01
 0.31992671E-02  0.16153390E+01  0.31250403E-01
 0.35938137E-02  0.17365798E+01  0.32815177E-01
 0.40370173E-02  0.18669236E+01  0.34450101E-01
 0.45348785E-02  0.20010577E+01  0.36161162E-01
 0.50941380E-02  0.21484493E+01  0.37952807E-01
 0.57223677E-02  0.22992842E+01  0.39830283E-01
 0.64280731E-02  0.24605352E+01  0.41801201E-01
 0.72208090E-02  0.26313062E+01  0.43870762E-01
 0.81113083E-02  0.28124791E+01  0.46044884E-01
 0.91116276E-02  0.29933246E+01  0.48334742E-01
 0.10235310E-01  0.31829071E+01  0.50752947E-01
 0.11497570E-01  0.33795044E+01  0.53309476E-01
 0.12915497E-01  0.35845117E+01  0.56015274E-01
 0.14508288E-01  0.37852389E+01  0.58887283E-01
 0.16297508E-01  0.39900375E+01  0.61945196E-01
 0.18307383E-01  0.41900901E+01  0.65210247E-01
 0.20565123E-01  0.43942577E+01  0.68704749E-01
 0.23101297E-01  0.45796968E+01  0.72459420E-01
 0.25950242E-01  0.47555106E+01  0.76514178E-01
 0.29150531E-01  0.49180702E+01  0.80909747E-01
 0.32745492E-01  0.50702240E+01  0.85691009E-01
 0.36783798E-01  0.51888729E+01  0.90920132E-01
 0.41320124E-01  0.52876740E+01  0.96673033E-01
 0.46415888E-01  0.53676275E+01  0.10302749E+00
 0.52140083E-01  0.54332347E+01  0.11006809E+00
 0.58570208E-01  0.54573984E+01  0.11791215E+00
 0.65793322E-01  0.54584520E+01  0.12670436E+00
 0.73907220E-01  0.54329574E+01  0.13660428E+00
 0.83021757E-01  0.53920017E+01  0.14779324E+00
 0.93260335E-01  0.53239211E+01  0.16049110E+00
 0.10476158E+00  0.52403052E+01  0.17495940E+00
 0.11768120E+00  0.51280822E+01  0.19152058E+00
 0.13219411E+00  0.49987756E+01  0.21057208E+00
 0.14849683E+00  0.48621444E+01  0.23255352E+00
 0.16681005E+00  0.47236674E+01  0.25794974E+00
 0.18738174E+00  0.45624539E+01  0.28739924E+00
 0.21049041E+00  0.43862457E+01  0.32173406E+00
 0.23644894E+00  0.42002388E+01  0.36193653E+00
 0.26560878E+00  0.40095039E+01  0.40917085E+00
 0.29836472E+00  0.38103914E+01  0.46487854E+00
 0.33516027E+00  0.36039802E+01  0.53089776E+00
 0.37649358E+00  0.34030022E+01  0.60938157E+00
 0.42292429E+00  0.32074876E+01  0.70282603E+00
 0.47508102E+00  0.30114344E+01  0.81440098E+00
 0.53366992E+00  0.28126668E+01  0.94826465E+00
 0.59948425E+00  0.26191240E+01  0.11095165E+01
 0.67341507E+00  0.24293920E+01  0.13044491E+01
 0.75646333E+00  0.22493267E+01  0.15407449E+01
 0.84975344E+00  0.20766223E+01  0.18278763E+01
 0.95454846E+00  0.19151597E+01  0.21774400E+01
 0.10722672E+01  0.17633023E+01  0.26035868E+01
 0.12045035E+01  0.16213935E+01  0.31238408E+01
 0.13530478E+01  0.14876845E+01  0.37601446E+01
 0.15199111E+01  0.13638637E+01  0.45394996E+01
 0.17073526E+01  0.12484607E+01  0.54952140E+01
 0.19179103E+01  0.11419362E+01  0.66684768E+01
 0.21544347E+01  0.10429333E+01  0.81105539E+01
 0.24201283E+01  0.95215778E+00  0.98846078E+01
 0.27185882E+01  0.86857735E+00  0.12068360E+02
 0.30538555E+01  0.79192477E+00  0.14758107E+02
 0.34304693E+01  0.72116395E+00  0.18074178E+02
 0.38535286E+01  0.65647706E+00  0.22165464E+02
 0.43287613E+01  0.59700146E+00  0.27217017E+02
 0.48626016E+01  0.54306705E+00  0.33456366E+02
 0.54622772E+01  0.49437732E+00  0.41157746E+02
 0.61359073E+01  0.44975727E+00  0.50662960E+02
 0.68926121E+01  0.40830960E+00  0.62413175E+02
 0.77426368E+01  0.37062002E+00  0.76954057E+02
 0.86974900E+01  0.33620017E+00  0.94955437E+02
 0.97700996E+01  0.30497755E+00  0.11724743E+03
 0.10974988E+02  0.27664808E+00  0.14485217E+03
 0.12328467E+02  0.25089113E+00  0.17903889E+03
 0.13848864E+02  0.22728259E+00  0.22140987E+03
 0.15556761E+02  0.20590346E+00  0.27395127E+03
 0.17475284E+02  0.18656257E+00  0.33909403E+03
 0.19630407E+02  0.16898362E+00  0.41986133E+03
 0.22051307E+02  0.15275795E+00  0.52013766E+03
 0.24770764E+02  0.13811587E+00  0.64474900E+03
 0.27825594E+02  0.12503390E+00  0.79946013E+03
 0.31257158E+02  0.11318078E+00  0.99142707E+03
 0.35111917E+02  0.10236526E+00  0.12297599E+04
 0.39442061E+02  0.92573081E-01  0.15257747E+04
 0.44306215E+02  0.83608674E-01  0.18937321E+04
 0.49770236E+02  0.75516695E-01  0.23514078E+04
 0.55908102E+02  0.68258593E-01  0.29203818E+04
 0.62802914E+02  0.61692793E-01  0.36274167E+04
 0.70548023E+02  0.55640856E-01  0.45071910E+04
 0.79248290E+02  0.50184488E-01  0.56031055E+04
 0.89021509E+02  0.45337463E-01  0.69668008E+04
 0.10000000E+03  0.40958831E-01  0.86624334E+04
