#   nzt =   1
#    zt = 0.2600E+02
#    wt = 0.1000E+01
#    zp = 0.1000E+01
#    rs =  0.26681600E+01
#    Te =  0.25000000E-01
#   rho =  0.78660000E+01
#  zbar =  0.42671008E+01
#   mep =  100
# mloss =  24
#   E/AMU (MeV)            dEdX           range
 0.10000000E-02  0.39320963E+01  0.47164601E-01
 0.11233240E-02  0.41584888E+01  0.49991479E-01
 0.12618569E-02  0.43979207E+01  0.52993997E-01
 0.14174742E-02  0.46494729E+01  0.56183760E-01
 0.15922828E-02  0.49153837E+01  0.59573025E-01
 0.17886495E-02  0.51941973E+01  0.63175122E-01
 0.20092330E-02  0.54887329E+01  0.67004256E-01
 0.22570197E-02  0.57970434E+01  0.71075846E-01
 0.25353645E-02  0.61224866E+01  0.75406348E-01
 0.28480359E-02  0.64624383E+01  0.80013696E-01
 0.31992671E-02  0.68209375E+01  0.84917072E-01
 0.35938137E-02  0.71947145E+01  0.90137363E-01
 0.40370173E-02  0.75884589E+01  0.95696946E-01
 0.45348785E-02  0.79982458E+01  0.10162020E+00
 0.50941380E-02  0.84294093E+01  0.10793323E+00
 0.57223677E-02  0.88762255E+01  0.11466501E+00
 0.64280731E-02  0.93454842E+01  0.12184668E+00
 0.72208090E-02  0.98285631E+01  0.12951331E+00
 0.81113083E-02  0.10334506E+02  0.13770287E+00
 0.91116276E-02  0.10853330E+02  0.14645744E+00
 0.10235310E-01  0.11395326E+02  0.15582272E+00
 0.11497570E-01  0.11951382E+02  0.16584818E+00
 0.12915497E-01  0.12531444E+02  0.17658726E+00
 0.14508288E-01  0.13123647E+02  0.18809949E+00
 0.16297508E-01  0.13739644E+02  0.20044972E+00
 0.18307383E-01  0.14367311E+02  0.21370919E+00
 0.20565123E-01  0.15019256E+02  0.22795549E+00
 0.23101297E-01  0.15689641E+02  0.24326976E+00
 0.25950242E-01  0.16388977E+02  0.25973870E+00
 0.29150531E-01  0.17122696E+02  0.27744789E+00
 0.32745492E-01  0.17896348E+02  0.29648487E+00
 0.36783798E-01  0.18710779E+02  0.31694202E+00
 0.41320124E-01  0.19572238E+02  0.33892585E+00
 0.46415888E-01  0.20678480E+02  0.36241828E+00
 0.52140083E-01  0.21958997E+02  0.38730075E+00
 0.58570208E-01  0.22896927E+02  0.41385298E+00
 0.65793322E-01  0.23651700E+02  0.44260188E+00
 0.73907220E-01  0.24165950E+02  0.47404576E+00
 0.83021757E-01  0.24555375E+02  0.50871178E+00
 0.93260335E-01  0.24697299E+02  0.54723722E+00
 0.10476158E+00  0.24698726E+02  0.59039207E+00
 0.11768120E+00  0.24501037E+02  0.63907014E+00
 0.13219411E+00  0.24184461E+02  0.69434402E+00
 0.14849683E+00  0.23799958E+02  0.75735279E+00
 0.16681005E+00  0.23381304E+02  0.82933329E+00
 0.18738174E+00  0.22876251E+02  0.91180781E+00
 0.21049041E+00  0.22310373E+02  0.10066564E+01
 0.23644894E+00  0.21685201E+02  0.11160978E+01
 0.26560878E+00  0.21025267E+02  0.12427381E+01
 0.29836472E+00  0.20314216E+02  0.13897199E+01
 0.33516027E+00  0.19559737E+02  0.15609399E+01
 0.37649358E+00  0.18832114E+02  0.17607239E+01
 0.42292429E+00  0.18131811E+02  0.19937703E+01
 0.47508102E+00  0.17392647E+02  0.22661367E+01
 0.53366992E+00  0.16601898E+02  0.25859536E+01
 0.59948425E+00  0.15831277E+02  0.29625552E+01
 0.67341507E+00  0.15074464E+02  0.34064704E+01
 0.75646333E+00  0.14303904E+02  0.39309913E+01
 0.84975344E+00  0.13488135E+02  0.45540683E+01
 0.95454846E+00  0.12709717E+02  0.52966865E+01
 0.10722672E+01  0.11956332E+02  0.61826750E+01
 0.12045035E+01  0.11220982E+02  0.72417361E+01
 0.13530478E+01  0.10475156E+02  0.85130119E+01
 0.15199111E+01  0.97686722E+01  0.10043640E+02
 0.17073526E+01  0.90858645E+01  0.11890023E+02
 0.19179103E+01  0.84475601E+01  0.14120363E+02
 0.21544347E+01  0.78377266E+01  0.16818155E+02
 0.24201283E+01  0.72729024E+01  0.20084233E+02
 0.27185882E+01  0.67418895E+01  0.24040272E+02
 0.30538555E+01  0.62519340E+01  0.28833082E+02
 0.34304693E+01  0.57904636E+01  0.34642621E+02
 0.38535286E+01  0.53621550E+01  0.41688767E+02
 0.43287613E+01  0.49548158E+01  0.50246458E+02
 0.48626016E+01  0.45816295E+01  0.60646359E+02
 0.54622772E+01  0.42349791E+01  0.73282308E+02
 0.61359073E+01  0.39126817E+01  0.88639837E+02
 0.68926121E+01  0.36033549E+01  0.10734471E+03
 0.77426368E+01  0.33175108E+01  0.13016233E+03
 0.86974900E+01  0.30457560E+01  0.15804503E+03
 0.97700996E+01  0.27960986E+01  0.19216134E+03
 0.10974988E+02  0.25620407E+01  0.23394962E+03
 0.12328467E+02  0.23473340E+01  0.28518057E+03
 0.13848864E+02  0.21468432E+01  0.34805384E+03
 0.15556761E+02  0.19636367E+01  0.42527182E+03
 0.17475284E+02  0.17937723E+01  0.52017023E+03
 0.19630407E+02  0.16383594E+01  0.63686478E+03
 0.22051307E+02  0.14928305E+01  0.78057481E+03
 0.24770764E+02  0.13605685E+01  0.95773196E+03
 0.27825594E+02  0.12397857E+01  0.11761041E+04
 0.31257158E+02  0.11297849E+01  0.14452792E+04
 0.35111917E+02  0.10282342E+01  0.17773202E+04
 0.39442061E+02  0.93586169E+00  0.21871180E+04
 0.44306215E+02  0.85058524E+00  0.26932795E+04
 0.49770236E+02  0.77311473E+00  0.33188483E+04
 0.55908102E+02  0.70211684E+00  0.40923301E+04
 0.62802914E+02  0.63765176E+00  0.50490239E+04
 0.70548023E+02  0.57857249E+00  0.62329431E+04
 0.79248290E+02  0.52498374E+00  0.76986670E+04
 0.89021509E+02  0.47625830E+00  0.95134243E+04
 0.10000000E+03  0.43205673E+00  0.11760746E+05
