2.509000E-02  1.552807E-01
2.837400E-02  1.595483E-01
2.933100E-02  1.669029E-01
3.242300E-02  1.826136E-01
3.688600E-02  1.614775E-01
4.198700E-02  1.852207E-01
4.501600E-02  1.754797E-01
4.708800E-02  1.847875E-01
4.772600E-02  2.229861E-01
5.164700E-02  1.846506E-01
5.257200E-02  1.926401E-01
5.356000E-02  2.292622E-01
5.639700E-02  2.102886E-01
5.639700E-02  1.978820E-01
6.133900E-02  2.069859E-01
6.309200E-02  2.070557E-01
6.309200E-02  2.188255E-01
6.599400E-02  2.189411E-01
6.752400E-02  2.364980E-01
6.762000E-02  2.190054E-01
6.822500E-02  1.958074E-01
6.883100E-02  2.130095E-01
7.224200E-02  2.051926E-01
7.345400E-02  2.084220E-01
7.845900E-02  2.086209E-01
8.305000E-02  2.030772E-01
8.324100E-02  2.164455E-01
8.878900E-02  2.243008E-01
8.878900E-02  2.344805E-01
9.302900E-02  2.238331E-01
9.385800E-02  2.359547E-01
9.883100E-02  2.361523E-01
9.940500E-02  1.945022E-01
1.036770E-01  2.452520E-01
1.043460E-01  2.284188E-01
1.090010E-01  2.324213E-01
