 .0338842      .1609786
 .0366227      .1791747
 .0395826      .1987519
 .0427816      .2196738
 .0462392      .2418814
 .0499763      .265289
 .0540153      .2897913
 .0583809      .3152656
 .0630992      .3415779
 .0681989      .3685912
 .0737107      .3961663
 .079668       .424179
 .0861068      .4525144
 .0930659      .4810793
 .100588       .5098073
 .108717       .5386433
 .117503       .5675732
 .127          .5966068
 .137264       .6257626
 .148358       .6550942
 .160348       .6846673
 .173308       .7145674
 .187314       .7448857
 .202453       .7757389
 .218815       .8072379
 .2365         .8395116
 .255614       .8726921
 .276272       .9069136
 .298601       .9423234
 .322734       .9790688
 .348817       1.017303
 .377008       1.057187
 .407478       1.098885
 .440411       1.142567
 .476005       1.18842
 .514475       1.236623
 .556055       1.287382
 .600995       1.340905
 .649568       1.397414
 .702066       1.457149
   5.000E-01   1.25190
   5.500E-01   1.31129
   6.000E-01   1.36946
   6.500E-01   1.42703
   7.000E-01   1.47930
   7.500E-01   1.52052
   8.000E-01   1.56325
   8.500E-01   1.60261
   9.000E-01   1.64230
   9.500E-01   1.68314
   1.000E+00   1.72150
   1.250E+00   1.89026
   1.500E+00   2.03709
   1.750E+00   2.16749
   2.000E+00   2.28358
   2.250E+00   2.39184
   2.500E+00   2.49054
   2.750E+00   2.58196
   3.000E+00   2.66838
   3.500E+00   2.82068
   4.000E+00   2.95126
   4.500E+00   3.07121
   5.000E+00   3.17886
   5.500E+00   3.27598
   6.000E+00   3.36662
   6.500E+00   3.44977
   7.000E+00   3.52690
   7.500E+00   3.59928
   8.000E+00   3.66690
   8.500E+00   3.73053
   9.000E+00   3.79070
   9.500E+00   3.84760
   1.000E+01   3.90159
   1.250E+01   4.13681
   1.500E+01   4.32841
   1.750E+01   4.48952
   2.000E+01   4.62843
   2.250E+01   4.75019
   2.500E+01   4.85862
   2.750E+01   4.95621
   3.000E+01   5.04487
   3.500E+01   5.20081
   4.000E+01   5.33479
   4.500E+01   5.45192
   5.000E+01   5.55590
   5.500E+01   5.64926
   6.000E+01   5.73387
   6.500E+01   5.81117
   7.000E+01   5.88226
   7.500E+01   5.94802
   8.000E+01   6.00922
   8.500E+01   6.06634
   9.000E+01   6.11995
   9.500E+01   6.17036
   1.000E+02   6.21798
   1.250E+02   6.42239
   1.500E+02   6.58631
   1.750E+02   6.72293
   2.000E+02   6.84021
   2.250E+02   6.94291
   2.500E+02   7.03446
   2.750E+02   7.11715
   3.000E+02   7.19267
   3.500E+02   7.32697
   4.000E+02   7.44445
   4.500E+02   7.54945
   5.000E+02   7.64488
   5.500E+02   7.73270
   6.000E+02   7.81434
   6.500E+02   7.89085
   7.000E+02   7.96301
   7.500E+02   8.03144
   8.000E+02   8.09660
   8.500E+02   8.15904
   9.000E+02   8.21877
   9.500E+02   8.27618
   1.000E+03   8.33150
