#   nzt =   1
#    zt = 0.7000E+02
#    wt = 0.1000E+01
#    zp = 0.1000E+01
#    rs =  0.40513300E+01
#    Te =  0.25000000E-01
#   rho =  0.69600000E+01
#  zbar =  0.34822260E+01
#   mep =  100
# mloss =  24
#   E/AMU (MeV)            dEdX           range
 0.10000000E-02  0.98819498E+01  0.58132713E-01
 0.11233240E-02  0.10436869E+02  0.61619399E-01
 0.12618569E-02  0.11023200E+02  0.65327567E-01
 0.14174742E-02  0.11635434E+02  0.69272701E-01
 0.15922828E-02  0.12281941E+02  0.73471092E-01
 0.17886495E-02  0.12955197E+02  0.77940616E-01
 0.20092330E-02  0.13665664E+02  0.82700329E-01
 0.22570197E-02  0.14404080E+02  0.87771050E-01
 0.25353645E-02  0.15182846E+02  0.93174979E-01
 0.28480359E-02  0.15990639E+02  0.98936401E-01
 0.31992671E-02  0.16842209E+02  0.10508119E+00
 0.35938137E-02  0.17723089E+02  0.11163783E+00
 0.40370173E-02  0.18651495E+02  0.11863660E+00
 0.45348785E-02  0.19606961E+02  0.12611138E+00
 0.50941380E-02  0.20613676E+02  0.13409824E+00
 0.57223677E-02  0.21645831E+02  0.14263726E+00
 0.64280731E-02  0.22734015E+02  0.15177088E+00
 0.72208090E-02  0.23842453E+02  0.16154709E+00
 0.81113083E-02  0.25011926E+02  0.17201680E+00
 0.91116276E-02  0.26202510E+02  0.18323587E+00
 0.10235310E-01  0.27462415E+02  0.19526256E+00
 0.11497570E-01  0.28726623E+02  0.20816569E+00
 0.12915497E-01  0.30063134E+02  0.22201924E+00
 0.14508288E-01  0.31430284E+02  0.23689741E+00
 0.16297508E-01  0.32886790E+02  0.25288356E+00
 0.18307383E-01  0.34707175E+02  0.26997312E+00
 0.20565123E-01  0.36781682E+02  0.28810581E+00
 0.23101297E-01  0.38386706E+02  0.30747014E+00
 0.25950242E-01  0.39852737E+02  0.32837162E+00
 0.29150531E-01  0.40964390E+02  0.35110357E+00
 0.32745492E-01  0.41920256E+02  0.37599704E+00
 0.36783798E-01  0.42351469E+02  0.40350314E+00
 0.41320124E-01  0.42554579E+02  0.43417919E+00
 0.46415888E-01  0.42507629E+02  0.46858368E+00
 0.52140083E-01  0.42392513E+02  0.50730442E+00
 0.58570208E-01  0.42060273E+02  0.55103585E+00
 0.65793322E-01  0.41666746E+02  0.60058827E+00
 0.73907220E-01  0.41128970E+02  0.65688573E+00
 0.83021757E-01  0.40584147E+02  0.72097006E+00
 0.93260335E-01  0.40017102E+02  0.79395265E+00
 0.10476158E+00  0.39453428E+02  0.87709299E+00
 0.11768120E+00  0.38790773E+02  0.97195210E+00
 0.13219411E+00  0.38085980E+02  0.10804165E+01
 0.14849683E+00  0.37369912E+02  0.12045599E+01
 0.16681005E+00  0.36666247E+02  0.13466693E+01
 0.18738174E+00  0.35870849E+02  0.15095989E+01
 0.21049041E+00  0.35006594E+02  0.16969124E+01
 0.23644894E+00  0.34059077E+02  0.19128618E+01
 0.26560878E+00  0.33061335E+02  0.21624807E+01
 0.29836472E+00  0.31994678E+02  0.24517895E+01
 0.33516027E+00  0.30863546E+02  0.27882050E+01
 0.37649358E+00  0.29751634E+02  0.31801323E+01
 0.42292429E+00  0.28661256E+02  0.36369309E+01
 0.47508102E+00  0.27513980E+02  0.41704652E+01
 0.53366992E+00  0.26292450E+02  0.47963337E+01
 0.59948425E+00  0.25089970E+02  0.55326410E+01
 0.67341507E+00  0.23899960E+02  0.64001814E+01
 0.75646333E+00  0.22729579E+02  0.74240010E+01
 0.84975344E+00  0.21546886E+02  0.86354913E+01
 0.95454846E+00  0.20437441E+02  0.10070808E+02
 0.10722672E+01  0.19388309E+02  0.11770366E+02
 0.12045035E+01  0.18370449E+02  0.13783731E+02
 0.13530478E+01  0.17340503E+02  0.16175759E+02
 0.15199111E+01  0.16384802E+02  0.19021231E+02
 0.17073526E+01  0.15486333E+02  0.22403298E+02
 0.19179103E+01  0.14627738E+02  0.26423275E+02
 0.21544347E+01  0.13757129E+02  0.31215503E+02
 0.24201283E+01  0.12949914E+02  0.36937243E+02
 0.27185882E+01  0.12182152E+02  0.43767256E+02
 0.30538555E+01  0.11454331E+02  0.51922945E+02
 0.34304693E+01  0.10710410E+02  0.61695791E+02
 0.38535286E+01  0.10014510E+02  0.73436618E+02
 0.43287613E+01  0.93347060E+01  0.87565948E+02
 0.48626016E+01  0.87056890E+01  0.10458811E+03
 0.54622772E+01  0.80990669E+01  0.12511792E+03
 0.61359073E+01  0.75341624E+01  0.14990450E+03
 0.68926121E+01  0.69817573E+01  0.17989883E+03
 0.77426368E+01  0.64739561E+01  0.21624576E+03
 0.86974900E+01  0.59906098E+01  0.26032885E+03
 0.97700996E+01  0.55490234E+01  0.31381664E+03
 0.10974988E+02  0.51380240E+01  0.37869447E+03
 0.12328467E+02  0.47587084E+01  0.45738162E+03
 0.13848864E+02  0.43961165E+01  0.55295225E+03
 0.15556761E+02  0.40629597E+01  0.66912840E+03
 0.17475284E+02  0.37453785E+01  0.81052927E+03
 0.19630407E+02  0.34531451E+01  0.98280921E+03
 0.22051307E+02  0.31747945E+01  0.11930348E+04
 0.24770764E+02  0.29197896E+01  0.14498313E+04
 0.27825594E+02  0.26781009E+01  0.17639481E+04
 0.31257158E+02  0.24572651E+01  0.21485680E+04
 0.35111917E+02  0.22506303E+01  0.26199102E+04
 0.39442061E+02  0.20622237E+01  0.31978306E+04
 0.44306215E+02  0.18859257E+01  0.39070844E+04
 0.49770236E+02  0.17253014E+01  0.47781108E+04
 0.55908102E+02  0.15764238E+01  0.58483693E+04
 0.62802914E+02  0.14408870E+01  0.71638831E+04
 0.70548023E+02  0.13156254E+01  0.87815522E+04
 0.79248290E+02  0.12014463E+01  0.10771378E+05
 0.89021509E+02  0.10948109E+01  0.13221905E+05
 0.10000000E+03  0.99781727E+00  0.16243084E+05
