#   nzt =   1
#    zt = 0.8900E+02
#    wt = 0.1000E+01
#    zp = 0.1000E+01
#    rs =  0.39306200E+01
#    Te =  0.25000000E-01
#   rho =  0.10000000E+02
#  zbar =  0.42963279E+01
#   mep =  100
# mloss =  24
#   E/AMU (MeV)            dEdX           range
 0.10000000E-02  0.99721697E+01  0.75588082E-01
 0.11233240E-02  0.10541283E+02  0.80119680E-01
 0.12618569E-02  0.11142914E+02  0.84935084E-01
 0.14174742E-02  0.11773498E+02  0.90053482E-01
 0.15922828E-02  0.12439715E+02  0.95495107E-01
 0.17886495E-02  0.13135438E+02  0.10128229E+00
 0.20092330E-02  0.13869816E+02  0.10743884E+00
 0.22570197E-02  0.14633886E+02  0.11399106E+00
 0.25353645E-02  0.15439457E+02  0.12096709E+00
 0.28480359E-02  0.16275218E+02  0.12839787E+00
 0.31992671E-02  0.17155222E+02  0.13631657E+00
 0.35938137E-02  0.18065888E+02  0.14475957E+00
 0.40370173E-02  0.19023423E+02  0.15376596E+00
 0.45348785E-02  0.20010280E+02  0.16337907E+00
 0.50941380E-02  0.21046109E+02  0.17364556E+00
 0.57223677E-02  0.22109078E+02  0.18461727E+00
 0.64280731E-02  0.23222631E+02  0.19635003E+00
 0.72208090E-02  0.24355845E+02  0.20890733E+00
 0.81113083E-02  0.25539435E+02  0.22235800E+00
 0.91116276E-02  0.26736553E+02  0.23677939E+00
 0.10235310E-01  0.27983503E+02  0.25225529E+00
 0.11497570E-01  0.29231993E+02  0.26888157E+00
 0.12915497E-01  0.30527685E+02  0.28676260E+00
 0.14508288E-01  0.31810057E+02  0.30601823E+00
 0.16297508E-01  0.33136320E+02  0.32678187E+00
 0.18307383E-01  0.34531037E+02  0.34916921E+00
 0.20565123E-01  0.36009847E+02  0.37328998E+00
 0.23101297E-01  0.37465079E+02  0.39930322E+00
 0.25950242E-01  0.38983530E+02  0.42740128E+00
 0.29150531E-01  0.40906659E+02  0.45761009E+00
 0.32745492E-01  0.43124624E+02  0.48983593E+00
 0.36783798E-01  0.44682498E+02  0.52446567E+00
 0.41320124E-01  0.46015585E+02  0.56213434E+00
 0.46415888E-01  0.46909897E+02  0.60344267E+00
 0.52140083E-01  0.47672415E+02  0.64903883E+00
 0.58570208E-01  0.48170608E+02  0.69958915E+00
 0.65793322E-01  0.48553564E+02  0.75585272E+00
 0.73907220E-01  0.48625920E+02  0.81876448E+00
 0.83021757E-01  0.48561370E+02  0.88944133E+00
 0.93260335E-01  0.48378964E+02  0.96904389E+00
 0.10476158E+00  0.48131131E+02  0.10588472E+01
 0.11768120E+00  0.47612361E+02  0.11605334E+01
 0.13219411E+00  0.46909945E+02  0.12762577E+01
 0.14849683E+00  0.46101745E+02  0.14083805E+01
 0.16681005E+00  0.45219258E+02  0.15595319E+01
 0.18738174E+00  0.44149697E+02  0.17330337E+01
 0.21049041E+00  0.42924509E+02  0.19330842E+01
 0.23644894E+00  0.41547635E+02  0.21647562E+01
 0.26560878E+00  0.40069164E+02  0.24341395E+01
 0.29836472E+00  0.38525635E+02  0.27484083E+01
 0.33516027E+00  0.36932709E+02  0.31161607E+01
 0.37649358E+00  0.35350285E+02  0.35474494E+01
 0.42292429E+00  0.33783571E+02  0.40540050E+01
 0.47508102E+00  0.32225483E+02  0.46499725E+01
 0.53366992E+00  0.30665196E+02  0.53526990E+01
 0.59948425E+00  0.29138049E+02  0.61829026E+01
 0.67341507E+00  0.27648658E+02  0.71650627E+01
 0.75646333E+00  0.26196403E+02  0.83285942E+01
 0.84975344E+00  0.24755939E+02  0.97101195E+01
 0.95454846E+00  0.23411903E+02  0.11351826E+02
 0.10722672E+01  0.22144878E+02  0.13301448E+02
 0.12045035E+01  0.20910546E+02  0.15618368E+02
 0.13530478E+01  0.19657669E+02  0.18381436E+02
 0.15199111E+01  0.18488226E+02  0.21682627E+02
 0.17073526E+01  0.17377082E+02  0.25626717E+02
 0.19179103E+01  0.16325411E+02  0.30340921E+02
 0.21544347E+01  0.15288667E+02  0.35987620E+02
 0.24201283E+01  0.14329666E+02  0.42758097E+02
 0.27185882E+01  0.13416834E+02  0.50877323E+02
 0.30538555E+01  0.12575378E+02  0.60612566E+02
 0.34304693E+01  0.11773006E+02  0.72287606E+02
 0.38535286E+01  0.11031442E+02  0.86289549E+02
 0.43287613E+01  0.10327361E+02  0.10308413E+03
 0.48626016E+01  0.96781079E+01  0.12322388E+03
 0.54622772E+01  0.90556067E+01  0.14738486E+03
 0.61359073E+01  0.84760757E+01  0.17638230E+03
 0.68926121E+01  0.79092551E+01  0.21124060E+03
 0.77426368E+01  0.73815964E+01  0.25319578E+03
 0.86974900E+01  0.68640440E+01  0.30379400E+03
 0.97700996E+01  0.63848101E+01  0.36490336E+03
 0.10974988E+02  0.59197798E+01  0.43883148E+03
 0.12328467E+02  0.54904959E+01  0.52837938E+03
 0.13848864E+02  0.50784942E+01  0.63699839E+03
 0.15556761E+02  0.47007857E+01  0.76885625E+03
 0.17475284E+02  0.43422358E+01  0.92905606E+03
 0.19630407E+02  0.40133296E+01  0.11237968E+04
 0.22051307E+02  0.37000536E+01  0.13608082E+04
 0.24770764E+02  0.34137633E+01  0.16494729E+04
 0.27825594E+02  0.31448608E+01  0.20012187E+04
 0.31257158E+02  0.28983363E+01  0.24300037E+04
 0.35111917E+02  0.26656738E+01  0.29532164E+04
 0.39442061E+02  0.24522284E+01  0.35920881E+04
 0.44306215E+02  0.22478375E+01  0.43737279E+04
 0.49770236E+02  0.20609170E+01  0.53315020E+04
 0.55908102E+02  0.18862600E+01  0.65060941E+04
 0.62802914E+02  0.17269749E+01  0.79474837E+04
 0.70548023E+02  0.15801764E+01  0.97165731E+04
 0.79248290E+02  0.14463563E+01  0.11887829E+05
 0.89021509E+02  0.13211288E+01  0.14555555E+05
 0.10000000E+03  0.12072924E+01  0.17836230E+05
