  2 4AcAlv  g   300.000  23.9400 .009 CP78 1  0 1. 00
  2 4AcAlv  g   400.000  26.0600 .009 CP78 1  0 1. 00
  2 4AcAlv  g   500.000  27.2000 .009 CP78 1  0 1. 00
  2 4AcAlv  g   600.000  27.6000 .009 CP78 1  0 1. 00
  2 4AcAlv  g   700.000  27.5000 .009 CP78 1  0 1. 00
  2 4AcAlv  g   800.000  27.0600 .009 CP78 1  0 1. 00
  2 4AcAlv  g   900.000  26.4100 .009 CP78 1  0 1. 00
  2 4AcAlv  g  1000.000  25.6700 .009 CP78 1  0 1. 00
  2 4AcAlv  g  1100.000  24.8900 .009 CP78 1  0 1. 00
  2 4AcAlv  g  1200.000  24.0600 .009 CP78 1  0 1. 00
  2 4AcAlv  g  1300.000  23.1700 .009 CP78 1  0 1. 00
  2 4AcAlv  g  1400.000  22.2700 .009 CP78 1  0 1. 00
  2 4AcAlv  g  1500.000  21.4400 .009 CP78 1  0 1. 00
  2 4AcAlv  g  1600.000  20.6700 .009 CP78 1  0 1. 00
  2 4AcAlv  g  1700.000  19.9600 .009 CP78 1  0 1. 00
  2 4AcAlv  g  1800.000  19.3000 .009 CP78 1  0 1. 00
  2 4AcAlv  g  1900.000  18.7000 .009 CP78 1  0 1. 00
  2 4AcAlv  g  2000.000  18.1300 .009 CP78 1  0 1. 00
