  2 4Acetv  g   300.000  22.5800 .010 CP78 2  0 1. 00
  2 4Acetv  g   400.000  24.7200 .010 CP78 2  0 1. 00
  2 4Acetv  g   500.000  25.8700 .010 CP78 2  0 1. 00
  2 4Acetv  g   600.000  26.2900 .010 CP78 2  0 1. 00
  2 4Acetv  g   700.000  26.1900 .010 CP78 2  0 1. 00
  2 4Acetv  g   800.000  25.7600 .010 CP78 2  0 1. 00
  2 4Acetv  g   900.000  25.1300 .010 CP78 2  0 1. 00
  2 4Acetv  g  1000.000  24.4000 .010 CP78 2  0 1. 00
  2 4Acetv  g  1100.000  23.6300 .010 CP78 2  0 1. 00
  2 4Acetv  g  1200.000  22.8500 .010 CP78 2  0 1. 00
  2 4Acetv  g  1300.000  22.0200 .010 CP78 2  0 1. 00
  2 4Acetv  g  1400.000  21.1300 .010 CP78 2  0 1. 00
  2 4Acetv  g  1500.000  20.3000 .010 CP78 2  0 1. 00
  2 4Acetv  g  1600.000  19.5400 .010 CP78 2  0 1. 00
  2 4Acetv  g  1700.000  18.8500 .010 CP78 2  0 1. 00
  2 4Acetv  g  1800.000  18.2000 .010 CP78 2  0 1. 00
  2 4Acetv  g  1900.000  17.6000 .010 CP78 2  0 1. 00
  2 4Acetv  g  2000.000  17.0000 .010 CP78 2  0 1. 00
