  2 4BtAdv  g   300.000  22.3200 .010 CP78 2  0 1. 00
  2 4BtAdv  g   400.000  24.1700 .010 CP78 2  0 1. 00
  2 4BtAdv  g   500.000  25.2100 .010 CP78 2  0 1. 00
  2 4BtAdv  g   600.000  25.6100 .010 CP78 2  0 1. 00
  2 4BtAdv  g   700.000  25.5300 .010 CP78 2  0 1. 00
  2 4BtAdv  g   800.000  25.1200 .010 CP78 2  0 1. 00
  2 4BtAdv  g   900.000  24.4800 .010 CP78 2  0 1. 00
  2 4BtAdv  g  1000.000  23.7200 .010 CP78 2  0 1. 00
  2 4BtAdv  g  1100.000  22.9000 .010 CP78 2  0 1. 00
  2 4BtAdv  g  1200.000  22.0800 .010 CP78 2  0 1. 00
  2 4BtAdv  g  1300.000  21.2600 .010 CP78 2  0 1. 00
  2 4BtAdv  g  1400.000  20.4600 .010 CP78 2  0 1. 00
  2 4BtAdv  g  1500.000  19.6700 .010 CP78 2  0 1. 00
  2 4BtAdv  g  1600.000  18.9300 .010 CP78 2  0 1. 00
  2 4BtAdv  g  1700.000  18.2600 .010 CP78 2  0 1. 00
  2 4BtAdv  g  1800.000  17.6300 .010 CP78 2  0 1. 00
  2 4BtAdv  g  1900.000  17.0500 .010 CP78 2  0 1. 00
  2 4BtAdv  g  2000.000  16.5200 .010 CP78 2  0 1. 00
