  2 4Butov  g   300.000  22.1900 .010 CP78 2  0 1. 00
  2 4Butov  g   400.000  24.2800 .010 CP78 2  0 1. 00
  2 4Butov  g   500.000  25.4100 .010 CP78 2  0 1. 00
  2 4Butov  g   600.000  25.8000 .010 CP78 2  0 1. 00
  2 4Butov  g   700.000  25.6800 .010 CP78 2  0 1. 00
  2 4Butov  g   800.000  25.2300 .010 CP78 2  0 1. 00
  2 4Butov  g   900.000  24.5800 .010 CP78 2  0 1. 00
  2 4Butov  g  1000.000  23.8200 .010 CP78 2  0 1. 00
  2 4Butov  g  1100.000  23.0300 .010 CP78 2  0 1. 00
  2 4Butov  g  1200.000  22.2400 .010 CP78 2  0 1. 00
  2 4Butov  g  1300.000  21.4200 .010 CP78 2  0 1. 00
  2 4Butov  g  1400.000  20.5500 .010 CP78 2  0 1. 00
  2 4Butov  g  1500.000  19.7400 .010 CP78 2  0 1. 00
  2 4Butov  g  1600.000  18.9800 .010 CP78 2  0 1. 00
  2 4Butov  g  1700.000  18.3000 .010 CP78 2  0 1. 00
  2 4Butov  g  1800.000  17.6600 .010 CP78 2  0 1. 00
  2 4Butov  g  1900.000  17.0800 .010 CP78 2  0 1. 00
  2 4Butov  g  2000.000  16.5300 .010 CP78 2  0 1. 00
