  2 4Buty   g  1000.000  26.4000 .035 Pl66 1  0 1. 00
  2 4Buty   g  1500.000  19.9000 .035 Pl66 1  0 1. 00
  2 4Buty   g  2000.000  15.3000 .035 Pl66 1  0 1. 00
  2 4Buty   g  2500.000  14.4000 .035 Pl66 1  0 1. 00
  2 4Buty   g  3000.000  13.0000 .035 Pl66 1  0 1. 00
  2 4Buty   g  3500.000  11.3000 .035 Pl66 1  0 1. 00
  2 4Buty   g  4000.000  10.5000 .035 Pl66 1  0 1. 00
  2 4Buty   g  4500.000   9.8000 .035 Pl66 1  0 1. 00
  2 4Buty   g  5000.000   8.9000 .035 Pl66 1  0 1. 00
  2 4Buty   g  5500.000   8.2000 .035 Pl66 1  0 1. 00
  2 4Buty   g  6000.000   7.7000 .035 Pl66 1  0 1. 00
  2 4Buty   g  6500.000   7.3000 .035 Pl66 1  0 1. 00
  2 4Buty   g  7000.000   6.8000 .035 Pl66 1  0 1. 00
  2 4Buty   g  7500.000   6.1000 .035 Pl66 1  0 1. 00
  2 4Buty   g  8000.000   5.9000 .035 Pl66 1  0 1. 00
