  2 4c2brf  g   300.000  47.8000 .020 Pw72 1  0 1. 00
  2 4c2brf  g   400.000  51.5875 .020 Pw72 1  0 1. 00
  2 4c2brf  g   500.000  54.2500 .020 Pw72 1  0 1. 00
  2 4c2brf  g   600.000  55.9750 .020 Pw72 1  0 1. 00
  2 4c2brf  g   700.000  56.9000 .020 Pw72 1  0 1. 00
  2 4c2brf  g   800.000  57.1750 .020 Pw72 1  0 1. 00
  2 4c2brf  g   900.000  56.9000 .020 Pw72 1  0 1. 00
  2 4c2brf  g  1000.000  56.2250 .020 Pw72 1  0 1. 00
  2 4c2brf  g  1100.000  55.2250 .020 Pw72 1  0 1. 00
  2 4c2brf  g  1200.000  54.0250 .020 Pw72 1  0 1. 00
  2 4c2brf  g  1300.000  52.6875 .020 Pw72 1  0 1. 00
  2 4c2brf  g  1400.000  51.4125 .020 Pw72 1  0 1. 00
  2 4c2brf  g  1500.000  50.1500 .020 Pw72 1  0 1. 00
  2 4c2brf  g  1600.000  48.9125 .020 Pw72 1  0 1. 00
  2 4c2brf  g  1700.000  47.7125 .020 Pw72 1  0 1. 00
  2 4c2brf  g  1800.000  46.5625 .020 Pw72 1  0 1. 00
  2 4c2brf  g  1900.000  45.4500 .020 Pw72 1  0 1. 00
  2 4c2brf  g  2000.000  44.3875 .020 Pw72 1  0 1. 00
