  2 4C2F6   g   300.000  36.0250 .020 Pw72 1  0 1. 00
  2 4C2F6   g   400.000  39.1125 .020 Pw72 1  0 1. 00
  2 4C2F6   g   500.000  41.3125 .020 Pw72 1  0 1. 00
  2 4C2F6   g   600.000  42.7375 .020 Pw72 1  0 1. 00
  2 4C2F6   g   700.000  43.5250 .020 Pw72 1  0 1. 00
  2 4C2F6   g   800.000  43.8000 .020 Pw72 1  0 1. 00
  2 4C2F6   g   900.000  43.6625 .020 Pw72 1  0 1. 00
  2 4C2F6   g  1000.000  43.2125 .020 Pw72 1  0 1. 00
  2 4C2F6   g  1100.000  42.5125 .020 Pw72 1  0 1. 00
  2 4C2F6   g  1200.000  41.6500 .020 Pw72 1  0 1. 00
  2 4C2F6   g  1300.000  40.6250 .020 Pw72 1  0 1. 00
  2 4C2F6   g  1400.000  39.5500 .020 Pw72 1  0 1. 00
  2 4C2F6   g  1500.000  38.5000 .020 Pw72 1  0 1. 00
  2 4C2F6   g  1600.000  37.4875 .020 Pw72 1  0 1. 00
  2 4C2F6   g  1700.000  36.5125 .020 Pw72 1  0 1. 00
  2 4C2F6   g  1800.000  35.5875 .020 Pw72 1  0 1. 00
  2 4C2F6   g  1900.000  34.6875 .020 Pw72 1  0 1. 00
  2 4C2F6   g  2000.000  33.8375 .020 Pw72 1  0 1. 00
