  2 4C2H3F  g  3009.700  18.5800 .020 Re90 2  0 1. 00
  2 4C2H3F  g  2970.000  19.2300 .020 Re90 2  0 1. 00
  2 4C2H3F  g  2803.000  19.1600 .020 Re90 2  0 1. 00
  2 4C2H3F  g  2768.600  19.3000 .020 Re90 2  0 1. 00
  2 4C2H3F  g  2628.300  20.0400 .020 Re90 2  0 1. 00
  2 4C2H3F  g  2597.300  20.2100 .020 Re90 2  0 1. 00
  2 4C2H3F  g  2409.300  20.6400 .020 Re90 2  0 1. 00
  2 4C2H3F  g  2380.600  20.9100 .020 Re90 2  0 1. 00
  2 4C2H3F  g  2218.000  22.1500 .020 Re90 2  0 1. 00
  2 4C2H3F  g  2192.100  22.2900 .020 Re90 2  0 1. 00
  2 4C2H3F  g  2011.300  23.4800 .020 Re90 2  0 1. 00
  2 4C2H3F  g  1986.400  23.7100 .020 Re90 2  0 1. 00
  2 4C2H3F  g  1787.000  25.0000 .020 Re90 2  0 1. 00
  2 4C2H3F  g  1765.500  25.1600 .020 Re90 2  0 1. 00
  2 4C2H3F  g  1575.300  26.6600 .020 Re90 2  0 1. 00
  2 4C2H3F  g  1556.300  26.7500 .020 Re90 2  0 1. 00
  2 4C2H3F  g  1381.100  28.4800 .020 Re90 2  0 1. 00
  2 4C2H3F  g  1364.200  28.5500 .020 Re90 2  0 1. 00
  2 4C2H3F  g  1175.600  29.8600 .020 Re90 2  0 1. 00
  2 4C2H3F  g  1161.200  29.9300 .020 Re90 2  0 1. 00
  2 4C2H3F  g   972.600  31.4600 .020 Re90 2  0 1. 00
  2 4C2H3F  g   960.500  31.4000 .020 Re90 2  0 1. 00
  2 4C2H3F  g   784.100  32.9600 .020 Re90 2  0 1. 00
  2 4C2H3F  g   775.000  33.1100 .020 Re90 2  0 1. 00
  2 4C2H3F  g   691.200  31.6900 .020 Re90 2  0 1. 00
  2 4C2H3F  g   681.500  33.0100 .020 Re90 2  0 1. 00
  2 4C2H3F  g   587.300  31.6300 .020 Re90 2  0 1. 00
  2 4C2H3F  g   580.000  32.1500 .020 Re90 2  0 1. 00
  2 4C2H3F  g   484.900  29.7400 .020 Re90 2  0 1. 00
  2 4C2H3F  g   479.000  30.1400 .020 Re90 2  0 1. 00
  2 4C2H3F  g   389.100  28.7800 .020 Re90 2  0 1. 00
  2 4C2H3F  g   380.600  28.5000 .020 Re90 2  0 1. 00
  2 4C2H3F  g   339.500  27.3800 .020 Re90 2  0 1. 00
  2 4C2H3F  g   332.200  27.0600 .020 Re90 2  0 1. 00
  2 4C2H3F  g   248.000  24.2800 .020 Re90 2  0 1. 00
  2 4C2H3F  g   242.200  24.1100 .020 Re90 2  0 1. 00
  2 4C2H3F  g   196.200  22.0000 .020 Re90 2  0 1. 00
  2 4C2H3F  g   192.600  21.1000 .020 Re90 2  0 1. 00
  2 4C2H3F  g   142.200  18.3100 .020 Re90 2  0 1. 00
  2 4C2H3F  g   139.400  18.2500 .020 Re90 2  0 1. 00
  2 4C2H3F  g   111.100  15.6300 .020 Re90 2  0 1. 00
  2 4C2H3F  g   109.400  15.3900 .020 Re90 2  0 1. 00
