  2 4C2H3l  g  3014.800  17.8800 .020 Re90 2  0 1. 00
  2 4C2H3l  g  2976.800  18.1200 .020 Re90 2  0 1. 00
  2 4C2H3l  g  2807.200  18.8300 .020 Re90 2  0 1. 00
  2 4C2H3l  g  2770.800  18.9200 .020 Re90 2  0 1. 00
  2 4C2H3l  g  2631.900  19.3000 .020 Re90 2  0 1. 00
  2 4C2H3l  g  2599.700  19.3300 .020 Re90 2  0 1. 00
  2 4C2H3l  g  2429.700  20.2000 .020 Re90 2  0 1. 00
  2 4C2H3l  g  2400.000  20.4500 .020 Re90 2  0 1. 00
  2 4C2H3l  g  2228.000  21.2200 .020 Re90 2  0 1. 00
  2 4C2H3l  g  2202.800  21.3700 .020 Re90 2  0 1. 00
  2 4C2H3l  g  2028.200  22.7500 .020 Re90 2  0 1. 00
  2 4C2H3l  g  2003.300  22.8300 .020 Re90 2  0 1. 00
  2 4C2H3l  g  1805.700  24.0000 .020 Re90 2  0 1. 00
  2 4C2H3l  g  1783.400  24.3500 .020 Re90 2  0 1. 00
  2 4C2H3l  g  1594.100  26.0700 .020 Re90 2  0 1. 00
  2 4C2H3l  g  1574.000  26.3800 .020 Re90 2  0 1. 00
  2 4C2H3l  g  1407.900  27.6800 .020 Re90 2  0 1. 00
  2 4C2H3l  g  1390.900  28.0800 .020 Re90 2  0 1. 00
  2 4C2H3l  g  1188.100  30.4200 .020 Re90 2  0 1. 00
  2 4C2H3l  g  1172.900  30.5200 .020 Re90 2  0 1. 00
  2 4C2H3l  g  1002.900  31.7700 .020 Re90 2  0 1. 00
  2 4C2H3l  g   993.300  32.4800 .020 Re90 2  0 1. 00
  2 4C2H3l  g  1001.400  33.8000 .020 Re90 2  0 1. 00
  2 4C2H3l  g   989.200  34.4300 .020 Re90 2  0 1. 00
  2 4C2H3l  g   789.500  36.7200 .020 Re90 2  0 1. 00
  2 4C2H3l  g   777.700  37.0300 .020 Re90 2  0 1. 00
  2 4C2H3l  g   689.100  37.2200 .020 Re90 2  0 1. 00
  2 4C2H3l  g   677.200  37.5700 .020 Re90 2  0 1. 00
  2 4C2H3l  g   594.000  37.2700 .020 Re90 2  0 1. 00
  2 4C2H3l  g   583.300  37.3300 .020 Re90 2  0 1. 00
  2 4C2H3l  g   486.500  36.3700 .020 Re90 2  0 1. 00
  2 4C2H3l  g   476.400  36.2700 .020 Re90 2  0 1. 00
  2 4C2H3l  g   386.800  34.1000 .020 Re90 2  0 1. 00
  2 4C2H3l  g   377.400  33.9000 .020 Re90 2  0 1. 00
  2 4C2H3l  g   336.200  32.4200 .020 Re90 2  0 1. 00
  2 4C2H3l  g   326.700  32.0200 .020 Re90 2  0 1. 00
  2 4C2H3l  g   236.400  27.1200 .020 Re90 2  0 1. 00
  2 4C2H3l  g   231.300  27.2000 .020 Re90 2  0 1. 00
  2 4C2H3l  g   190.800  25.0700 .020 Re90 2  0 1. 00
  2 4C2H3l  g   186.500  24.7200 .020 Re90 2  0 1. 00
  2 4C2H3l  g   142.500  21.1800 .020 Re90 2  0 1. 00
  2 4C2H3l  g   138.700  21.0300 .020 Re90 2  0 1. 00
  2 4C2H3l  g    99.700  18.3200 .020 Re90 2  0 1. 00
  2 4C2H3l  g    97.800  17.9500 .020 Re90 2  0 1. 00
