  2 4C3F8   g   300.000  35.2640 .020 Pw72 1  0 1. 00
  2 4C3F8   g   400.000  38.2090 .020 Pw72 1  0 1. 00
  2 4C3F8   g   500.000  40.3450 .020 Pw72 1  0 1. 00
  2 4C3F8   g   600.000  41.7730 .020 Pw72 1  0 1. 00
  2 4C3F8   g   700.000  42.6180 .020 Pw72 1  0 1. 00
  2 4C3F8   g   800.000  42.9730 .020 Pw72 1  0 1. 00
  2 4C3F8   g   900.000  42.9180 .020 Pw72 1  0 1. 00
  2 4C3F8   g  1000.000  42.5550 .020 Pw72 1  0 1. 00
  2 4C3F8   g  1100.000  41.9450 .020 Pw72 1  0 1. 00
  2 4C3F8   g  1200.000  41.1550 .020 Pw72 1  0 1. 00
  2 4C3F8   g  1300.000  40.2450 .020 Pw72 1  0 1. 00
  2 4C3F8   g  1400.000  39.2550 .020 Pw72 1  0 1. 00
  2 4C3F8   g  1500.000  38.1450 .020 Pw72 1  0 1. 00
  2 4C3F8   g  1600.000  37.0910 .020 Pw72 1  0 1. 00
  2 4C3F8   g  1700.000  36.0730 .020 Pw72 1  0 1. 00
  2 4C3F8   g  1800.000  35.1090 .020 Pw72 1  0 1. 00
  2 4C3F8   g  1900.000  34.1910 .020 Pw72 1  0 1. 00
  2 4C3F8   g  2000.000  33.3270 .020 Pw72 1  0 1. 00
