  2 4C6H6v  g   300.000  26.1700 .010 BP79 1  0 1. 00
  2 4C6H6v  g   400.000  28.0800 .010 BP79 1  0 1. 00
  2 4C6H6v  g   500.000  29.0800 .010 BP79 1  0 1. 00
  2 4C6H6v  g   600.000  29.4200 .010 BP79 1  0 1. 00
  2 4C6H6v  g   700.000  29.3300 .010 BP79 1  0 1. 00
  2 4C6H6v  g   800.000  28.7500 .010 BP79 1  0 1. 00
  2 4C6H6v  g   900.000  28.0000 .010 BP79 1  0 1. 00
  2 4C6H6v  g  1000.000  27.0800 .010 BP79 1  0 1. 00
  2 4C6H6v  g  1100.000  26.1700 .010 BP79 1  0 1. 00
  2 4C6H6v  g  1200.000  25.1700 .010 BP79 1  0 1. 00
  2 4C6H6v  g  1300.000  24.1700 .010 BP79 1  0 1. 00
  2 4C6H6v  g  1400.000  23.2500 .010 BP79 1  0 1. 00
  2 4C6H6v  g  1500.000  22.3300 .010 BP79 1  0 1. 00
  2 4C6H6v  g  1600.000  21.5000 .010 BP79 1  0 1. 00
  2 4C6H6v  g  1700.000  20.7500 .010 BP79 1  0 1. 00
  2 4C6H6v  g  1800.000  20.0800 .010 BP79 1  0 1. 00
  2 4C6H6v  g  1900.000  19.4200 .010 BP79 1  0 1. 00
  2 4C6H6v  g  2000.000  18.7500 .010 BP79 1  0 1. 00
