  2 4CBrF3  g   300.000  45.9000 .020 Pw72 1  0 1. 00
  2 4CBrF3  g   400.000  49.6600 .020 Pw72 1  0 1. 00
  2 4CBrF3  g   500.000  52.2800 .020 Pw72 1  0 1. 00
  2 4CBrF3  g   600.000  53.9200 .020 Pw72 1  0 1. 00
  2 4CBrF3  g   700.000  54.7600 .020 Pw72 1  0 1. 00
  2 4CBrF3  g   800.000  54.9600 .020 Pw72 1  0 1. 00
  2 4CBrF3  g   900.000  54.6400 .020 Pw72 1  0 1. 00
  2 4CBrF3  g  1000.000  53.9400 .020 Pw72 1  0 1. 00
  2 4CBrF3  g  1100.000  52.9400 .020 Pw72 1  0 1. 00
  2 4CBrF3  g  1200.000  51.7600 .020 Pw72 1  0 1. 00
  2 4CBrF3  g  1300.000  50.4800 .020 Pw72 1  0 1. 00
  2 4CBrF3  g  1400.000  49.1200 .020 Pw72 1  0 1. 00
  2 4CBrF3  g  1500.000  47.8000 .020 Pw72 1  0 1. 00
  2 4CBrF3  g  1600.000  46.5200 .020 Pw72 1  0 1. 00
  2 4CBrF3  g  1700.000  45.3000 .020 Pw72 1  0 1. 00
  2 4CBrF3  g  1800.000  44.1400 .020 Pw72 1  0 1. 00
  2 4CBrF3  g  1900.000  43.0200 .020 Pw72 1  0 1. 00
  2 4CBrF3  g  2000.000  41.9600 .020 Pw72 1  0 1. 00
