  2 4CCl2F  g   300.000  50.7800 .020 Pw72 1  0 1. 00
  2 4CCl2F  g   400.000  55.5600 .020 Pw72 1  0 1. 00
  2 4CCl2F  g   500.000  58.5200 .020 Pw72 1  0 1. 00
  2 4CCl2F  g   600.000  60.0000 .020 Pw72 1  0 1. 00
  2 4CCl2F  g   700.000  60.3600 .020 Pw72 1  0 1. 00
  2 4CCl2F  g   800.000  59.8800 .020 Pw72 1  0 1. 00
  2 4CCl2F  g   900.000  58.7800 .020 Pw72 1  0 1. 00
  2 4CCl2F  g  1000.000  57.3200 .020 Pw72 1  0 1. 00
  2 4CCl2F  g  1100.000  55.6400 .020 Pw72 1  0 1. 00
  2 4CCl2F  g  1200.000  53.9000 .020 Pw72 1  0 1. 00
  2 4CCl2F  g  1300.000  52.2000 .020 Pw72 1  0 1. 00
  2 4CCl2F  g  1400.000  50.6200 .020 Pw72 1  0 1. 00
  2 4CCl2F  g  1500.000  49.3000 .020 Pw72 1  0 1. 00
  2 4CCl2F  g  1600.000  47.8000 .020 Pw72 1  0 1. 00
  2 4CCl2F  g  1700.000  46.4000 .020 Pw72 1  0 1. 00
  2 4CCl2F  g  1800.000  45.0800 .020 Pw72 1  0 1. 00
  2 4CCl2F  g  1900.000  43.8200 .020 Pw72 1  0 1. 00
  2 4CCl2F  g  2000.000  42.6400 .020 Pw72 1  0 1. 00
