  2 4CClF3  g   300.000  43.7000 .020 Pw72 1  0 1. 00
  2 4CClF3  g   400.000  47.1200 .020 Pw72 1  0 1. 00
  2 4CClF3  g   500.000  49.4000 .020 Pw72 1  0 1. 00
  2 4CClF3  g   600.000  50.7400 .020 Pw72 1  0 1. 00
  2 4CClF3  g   700.000  51.3400 .020 Pw72 1  0 1. 00
  2 4CClF3  g   800.000  51.3400 .020 Pw72 1  0 1. 00
  2 4CClF3  g   900.000  50.9000 .020 Pw72 1  0 1. 00
  2 4CClF3  g  1000.000  50.1200 .020 Pw72 1  0 1. 00
  2 4CClF3  g  1100.000  49.1200 .020 Pw72 1  0 1. 00
  2 4CClF3  g  1200.000  47.9800 .020 Pw72 1  0 1. 00
  2 4CClF3  g  1300.000  46.8000 .020 Pw72 1  0 1. 00
  2 4CClF3  g  1400.000  45.6800 .020 Pw72 1  0 1. 00
  2 4CClF3  g  1500.000  44.4800 .020 Pw72 1  0 1. 00
  2 4CClF3  g  1600.000  43.3000 .020 Pw72 1  0 1. 00
  2 4CClF3  g  1700.000  42.1800 .020 Pw72 1  0 1. 00
  2 4CClF3  g  1800.000  41.1000 .020 Pw72 1  0 1. 00
  2 4CClF3  g  1900.000  40.0800 .020 Pw72 1  0 1. 00
  2 4CClF3  g  2000.000  39.1000 .020 Pw72 1  0 1. 00
