  2 4CdTe   s   500.000 122.5500 .030 PH77 1  0 1. 00
  2 4CdTe   s   600.000 126.1400 .030 PH77 1  0 1. 00
  2 4CdTe   s   700.000 129.1300 .030 PH77 1  0 1. 00
  2 4CdTe   s   800.000 129.1300 .030 PH77 1  0 1. 00
  2 4CdTe   s   900.000 128.3300 .030 PH77 1  0 1. 00
  2 4CdTe   s  1000.000 126.9400 .030 PH77 1  0 1. 00
  2 4CdTe   s  1100.000 125.5400 .030 PH77 1  0 1. 00
  2 4CdTe   s  1200.000 123.1500 .030 PH77 1  0 1. 00
  2 4CdTe   s  1300.000 120.9600 .030 PH77 1  0 1. 00
  2 4CdTe   s  1400.000 118.5700 .030 PH77 1  0 1. 00
  2 4CdTe   s  1500.000 116.3800 .030 PH77 1  0 1. 00
  2 4CdTe   s  1600.000 114.3800 .030 PH77 1  0 1. 00
  2 4CdTe   s  1700.000 112.1900 .030 PH77 1  0 1. 00
  2 4CdTe   s  1800.000 110.0000 .030 PH77 1  0 1. 00
  2 4CdTe   s  1900.000 107.8100 .030 PH77 1  0 1. 00
  2 4CdTe   s  2000.000 105.8100 .030 PH77 1  0 1. 00
  2 4CdTe   s  2100.000 104.0200 .030 PH77 1  0 1. 00
  2 4CdTe   s  2200.000 102.2300 .030 PH77 1  0 1. 00
  2 4CdTe   s  2300.000 100.4300 .030 PH77 1  0 1. 00
  2 4CdTe   s  2400.000  98.6400 .030 PH77 1  0 1. 00
  2 4CdTe   s  2500.000  96.8500 .030 PH77 1  0 1. 00
  2 4CdTe   s  2600.000  95.2500 .030 PH77 1  0 1. 00
  2 4CdTe   s  2700.000  93.6600 .030 PH77 1  0 1. 00
