  2 4CF2l2  g  3006.700  34.2600 .020 Re90 2  0 1. 00
  2 4CF2l2  g  2970.000  34.6400 .020 Re90 2  0 1. 00
  2 4CF2l2  g  2800.600  35.0000 .020 Re90 2  0 1. 00
  2 4CF2l2  g  2766.900  35.4400 .020 Re90 2  0 1. 00
  2 4CF2l2  g  2627.300  36.6600 .020 Re90 2  0 1. 00
  2 4CF2l2  g  2596.300  36.8200 .020 Re90 2  0 1. 00
  2 4CF2l2  g  2407.700  37.5400 .020 Re90 2  0 1. 00
  2 4CF2l2  g  2379.200  38.0600 .020 Re90 2  0 1. 00
  2 4CF2l2  g  2217.800  40.1600 .020 Re90 2  0 1. 00
  2 4CF2l2  g  2190.800  40.5200 .020 Re90 2  0 1. 00
  2 4CF2l2  g  2010.000  42.0600 .020 Re90 2  0 1. 00
  2 4CF2l2  g  1787.400  45.0800 .020 Re90 2  0 1. 00
  2 4CF2l2  g  1765.100  45.4000 .020 Re90 2  0 1. 00
  2 4CF2l2  g  1574.400  47.8800 .020 Re90 2  0 1. 00
  2 4CF2l2  g  1555.000  48.0200 .020 Re90 2  0 1. 00
  2 4CF2l2  g  1381.300  51.0600 .020 Re90 2  0 1. 00
  2 4CF2l2  g  1363.500  51.4600 .020 Re90 2  0 1. 00
  2 4CF2l2  g  1175.400  54.5400 .020 Re90 2  0 1. 00
  2 4CF2l2  g  1161.000  54.6200 .020 Re90 2  0 1. 00
  2 4CF2l2  g   973.900  56.3000 .020 Re90 2  0 1. 00
  2 4CF2l2  g   960.300  57.8800 .020 Re90 2  0 1. 00
  2 4CF2l2  g  1014.300  58.6800 .020 Re90 2  0 1. 00
  2 4CF2l2  g  1002.400  59.3800 .020 Re90 2  0 1. 00
  2 4CF2l2  g   801.200  61.0200 .020 Re90 2  0 1. 00
  2 4CF2l2  g   789.500  62.3200 .020 Re90 2  0 1. 00
  2 4CF2l2  g   701.500  61.4800 .020 Re90 2  0 1. 00
  2 4CF2l2  g   690.300  61.7800 .020 Re90 2  0 1. 00
  2 4CF2l2  g   608.300  61.4400 .020 Re90 2  0 1. 00
  2 4CF2l2  g   597.300  61.5000 .020 Re90 2  0 1. 00
  2 4CF2l2  g   501.200  59.0200 .020 Re90 2  0 1. 00
  2 4CF2l2  g   490.700  58.9200 .020 Re90 2  0 1. 00
  2 4CF2l2  g   398.400  55.8200 .020 Re90 2  0 1. 00
  2 4CF2l2  g   387.400  55.8000 .020 Re90 2  0 1. 00
  2 4CF2l2  g   349.200  52.6000 .020 Re90 2  0 1. 00
  2 4CF2l2  g   338.600  52.7200 .020 Re90 2  0 1. 00
  2 4CF2l2  g   247.500  46.4800 .020 Re90 2  0 1. 00
  2 4CF2l2  g   241.800  45.7200 .020 Re90 2  0 1. 00
  2 4CF2l2  g   201.000  41.8600 .020 Re90 2  0 1. 00
  2 4CF2l2  g   195.700  41.4000 .020 Re90 2  0 1. 00
  2 4CF2l2  g   151.600  36.6000 .020 Re90 2  0 1. 00
  2 4CF2l2  g   146.500  36.1400 .020 Re90 2  0 1. 00
  2 4CF2l2  g   107.000  30.8400 .020 Re90 2  0 1. 00
  2 4CF2l2  g   104.900  30.4400 .020 Re90 2  0 1. 00
