  2 4CF3Br  g  3013.100  35.2600 .020 Re90 2  0 1. 00
  2 4CF3Br  g  2976.100  35.4400 .020 Re90 2  0 1. 00
  2 4CF3Br  g  2807.800  36.0400 .020 Re90 2  0 1. 00
  2 4CF3Br  g  2772.900  36.4600 .020 Re90 2  0 1. 00
  2 4CF3Br  g  2631.000  38.0200 .020 Re90 2  0 1. 00
  2 4CF3Br  g  2599.100  37.8200 .020 Re90 2  0 1. 00
  2 4CF3Br  g  2429.000  39.1600 .020 Re90 2  0 1. 00
  2 4CF3Br  g  2399.900  39.3200 .020 Re90 2  0 1. 00
  2 4CF3Br  g  2226.900  40.4600 .020 Re90 2  0 1. 00
  2 4CF3Br  g  2200.500  40.9800 .020 Re90 2  0 1. 00
  2 4CF3Br  g  2027.700  42.9600 .020 Re90 2  0 1. 00
  2 4CF3Br  g  2002.200  43.3600 .020 Re90 2  0 1. 00
  2 4CF3Br  g  1804.900  45.0200 .020 Re90 2  0 1. 00
  2 4CF3Br  g  1782.400  45.4400 .020 Re90 2  0 1. 00
  2 4CF3Br  g  1593.500  47.9000 .020 Re90 2  0 1. 00
  2 4CF3Br  g  1554.300  48.2200 .020 Re90 2  0 1. 00
  2 4CF3Br  g  1406.700  49.9400 .020 Re90 2  0 1. 00
  2 4CF3Br  g  1388.600  50.2200 .020 Re90 2  0 1. 00
  2 4CF3Br  g  1186.800  52.3400 .020 Re90 2  0 1. 00
  2 4CF3Br  g  1174.300  52.4600 .020 Re90 2  0 1. 00
  2 4CF3Br  g  1005.700  54.2200 .020 Re90 2  0 1. 00
  2 4CF3Br  g   993.700  54.4200 .020 Re90 2  0 1. 00
  2 4CF3Br  g  1003.600  56.9800 .020 Re90 2  0 1. 00
  2 4CF3Br  g   994.200  57.3200 .020 Re90 2  0 1. 00
  2 4CF3Br  g   795.800  57.0600 .020 Re90 2  0 1. 00
  2 4CF3Br  g   786.500  57.4200 .020 Re90 2  0 1. 00
  2 4CF3Br  g   698.500  56.5200 .020 Re90 2  0 1. 00
  2 4CF3Br  g   689.200  56.9600 .020 Re90 2  0 1. 00
  2 4CF3Br  g   605.700  55.7400 .020 Re90 2  0 1. 00
  2 4CF3Br  g   595.900  55.4800 .020 Re90 2  0 1. 00
  2 4CF3Br  g   500.200  52.4000 .020 Re90 2  0 1. 00
  2 4CF3Br  g   490.700  52.6400 .020 Re90 2  0 1. 00
  2 4CF3Br  g   398.900  49.5600 .020 Re90 2  0 1. 00
  2 4CF3Br  g   390.000  49.7800 .020 Re90 2  0 1. 00
  2 4CF3Br  g   348.500  47.5400 .020 Re90 2  0 1. 00
  2 4CF3Br  g   339.500  47.0200 .020 Re90 2  0 1. 00
  2 4CF3Br  g   246.400  41.2800 .020 Re90 2  0 1. 00
  2 4CF3Br  g   241.700  41.0800 .020 Re90 2  0 1. 00
  2 4CF3Br  g   200.400  36.0400 .020 Re90 2  0 1. 00
  2 4CF3Br  g   196.100  37.8400 .020 Re90 2  0 1. 00
  2 4CF3Br  g   150.800  33.3400 .020 Re90 2  0 1. 00
  2 4CF3Br  g   146.500  32.7200 .020 Re90 2  0 1. 00
  2 4CF3Br  g   106.800  27.6000 .020 Re90 2  0 1. 00
  2 4CF3Br  g   104.900  27.2200 .020 Re90 2  0 1. 00
