  2 4CF3Cl  g  3011.800  30.7800 .020 Re90 2  0 1. 00
  2 4CF3Cl  g  2974.300  31.2400 .020 Re90 2  0 1. 00
  2 4CF3Cl  g  2808.600  31.7600 .020 Re90 2  0 1. 00
  2 4CF3Cl  g  2773.600  32.2200 .020 Re90 2  0 1. 00
  2 4CF3Cl  g  2631.700  33.8400 .020 Re90 2  0 1. 00
  2 4CF3Cl  g  2599.200  33.9600 .020 Re90 2  0 1. 00
  2 4CF3Cl  g  2428.400  34.7200 .020 Re90 2  0 1. 00
  2 4CF3Cl  g  2399.700  34.9800 .020 Re90 2  0 1. 00
  2 4CF3Cl  g  2226.600  36.0000 .020 Re90 2  0 1. 00
  2 4CF3Cl  g  2200.500  36.4200 .020 Re90 2  0 1. 00
  2 4CF3Cl  g  2027.600  38.5000 .020 Re90 2  0 1. 00
  2 4CF3Cl  g  2003.100  38.9600 .020 Re90 2  0 1. 00
  2 4CF3Cl  g  1804.800  40.7000 .020 Re90 2  0 1. 00
  2 4CF3Cl  g  1782.000  41.0200 .020 Re90 2  0 1. 00
  2 4CF3Cl  g  1592.500  43.3000 .020 Re90 2  0 1. 00
  2 4CF3Cl  g  1573.100  43.5400 .020 Re90 2  0 1. 00
  2 4CF3Cl  g  1406.500  45.4000 .020 Re90 2  0 1. 00
  2 4CF3Cl  g  1389.800  45.7600 .020 Re90 2  0 1. 00
  2 4CF3Cl  g  1187.500  48.6200 .020 Re90 2  0 1. 00
  2 4CF3Cl  g  1173.900  48.4600 .020 Re90 2  0 1. 00
  2 4CF3Cl  g  1005.100  50.3000 .020 Re90 2  0 1. 00
  2 4CF3Cl  g   993.100  50.7000 .020 Re90 2  0 1. 00
  2 4CF3Cl  g  1002.700  52.9400 .020 Re90 2  0 1. 00
  2 4CF3Cl  g   991.200  52.6200 .020 Re90 2  0 1. 00
  2 4CF3Cl  g   790.600  53.9000 .020 Re90 2  0 1. 00
  2 4CF3Cl  g   779.800  54.1400 .020 Re90 2  0 1. 00
  2 4CF3Cl  g   691.300  53.2000 .020 Re90 2  0 1. 00
  2 4CF3Cl  g   680.700  53.3000 .020 Re90 2  0 1. 00
  2 4CF3Cl  g   596.300  52.4600 .020 Re90 2  0 1. 00
  2 4CF3Cl  g   586.000  52.5000 .020 Re90 2  0 1. 00
  2 4CF3Cl  g   488.400  50.3400 .020 Re90 2  0 1. 00
  2 4CF3Cl  g   478.600  50.2400 .020 Re90 2  0 1. 00
  2 4CF3Cl  g   388.000  47.6600 .020 Re90 2  0 1. 00
  2 4CF3Cl  g   378.300  46.9000 .020 Re90 2  0 1. 00
  2 4CF3Cl  g   337.300  45.1400 .020 Re90 2  0 1. 00
  2 4CF3Cl  g   328.000  44.7400 .020 Re90 2  0 1. 00
  2 4CF3Cl  g   236.000  39.3200 .020 Re90 2  0 1. 00
  2 4CF3Cl  g   231.700  38.6000 .020 Re90 2  0 1. 00
  2 4CF3Cl  g   190.100  35.9600 .020 Re90 2  0 1. 00
  2 4CF3Cl  g   186.200  35.4800 .020 Re90 2  0 1. 00
  2 4CF3Cl  g   142.300  31.5600 .020 Re90 2  0 1. 00
  2 4CF3Cl  g   138.200  31.0200 .020 Re90 2  0 1. 00
  2 4CF3Cl  g    99.200  26.8000 .020 Re90 2  0 1. 00
  2 4CF3Cl  g    97.400  26.3800 .020 Re90 2  0 1. 00
