  2 4CF3H   g  3008.600  22.9000 .020 Re90 2  0 1. 00
  2 4CF3H   g  2971.500  23.1800 .020 Re90 2  0 1. 00
  2 4CF3H   g  2801.700  23.6400 .020 Re90 2  0 1. 00
  2 4CF3H   g  2768.000  23.8800 .020 Re90 2  0 1. 00
  2 4CF3H   g  2627.500  24.9400 .020 Re90 2  0 1. 00
  2 4CF3H   g  2596.400  24.9800 .020 Re90 2  0 1. 00
  2 4CF3H   g  2408.300  25.6200 .020 Re90 2  0 1. 00
  2 4CF3H   g  2384.800  25.7600 .020 Re90 2  0 1. 00
  2 4CF3H   g  2218.000  27.3600 .020 Re90 2  0 1. 00
  2 4CF3H   g  2191.900  27.5600 .020 Re90 2  0 1. 00
  2 4CF3H   g  2011.200  28.6400 .020 Re90 2  0 1. 00
  2 4CF3H   g  1986.500  28.9400 .020 Re90 2  0 1. 00
  2 4CF3H   g  1787.700  30.5800 .020 Re90 2  0 1. 00
  2 4CF3H   g  1766.100  30.9400 .020 Re90 2  0 1. 00
  2 4CF3H   g  1575.500  32.3400 .020 Re90 2  0 1. 00
  2 4CF3H   g  1556.200  32.6600 .020 Re90 2  0 1. 00
  2 4CF3H   g  1382.000  34.5800 .020 Re90 2  0 1. 00
  2 4CF3H   g  1365.000  34.7600 .020 Re90 2  0 1. 00
  2 4CF3H   g  1177.000  36.2600 .020 Re90 2  0 1. 00
  2 4CF3H   g  1162.500  36.2400 .020 Re90 2  0 1. 00
  2 4CF3H   g   975.300  36.6400 .020 Re90 2  0 1. 00
  2 4CF3H   g   964.200  36.7400 .020 Re90 2  0 1. 00
  2 4CF3H   g  1002.500  39.1000 .020 Re90 2  0 1. 00
  2 4CF3H   g   992.100  39.2600 .020 Re90 2  0 1. 00
  2 4CF3H   g   795.000  38.8400 .020 Re90 2  0 1. 00
  2 4CF3H   g   784.700  39.0400 .020 Re90 2  0 1. 00
  2 4CF3H   g   697.700  38.4200 .020 Re90 2  0 1. 00
  2 4CF3H   g   687.600  38.6000 .020 Re90 2  0 1. 00
  2 4CF3H   g   605.300  37.6200 .020 Re90 2  0 1. 00
  2 4CF3H   g   595.500  37.7000 .020 Re90 2  0 1. 00
  2 4CF3H   g   408.900  35.9400 .020 Re90 2  0 1. 00
  2 4CF3H   g   489.100  35.7600 .020 Re90 2  0 1. 00
  2 4CF3H   g   398.900  33.9600 .020 Re90 2  0 1. 00
  2 4CF3H   g   389.900  33.6400 .020 Re90 2  0 1. 00
  2 4CF3H   g   348.000  32.6200 .020 Re90 2  0 1. 00
  2 4CF3H   g   338.600  32.3200 .020 Re90 2  0 1. 00
  2 4CF3H   g   246.200  28.2800 .020 Re90 2  0 1. 00
  2 4CF3H   g   241.300  28.2600 .020 Re90 2  0 1. 00
  2 4CF3H   g   200.500  26.4000 .020 Re90 2  0 1. 00
  2 4CF3H   g   195.600  26.2000 .020 Re90 2  0 1. 00
  2 4CF3H   g   151.200  23.7600 .020 Re90 2  0 1. 00
  2 4CF3H   g   146.100  23.0400 .020 Re90 2  0 1. 00
  2 4CF3H   g   106.800  19.8600 .020 Re90 2  0 1. 00
  2 4CF3H   g   105.100  19.3800 .020 Re90 2  0 1. 00
