  2 4CH3Br  g   300.000  33.2170 .020 Pw72 1  0 1. 00
  2 4CH3Br  g   400.000  36.5170 .020 Pw72 1  0 1. 00
  2 4CH3Br  g   500.000  38.4330 .020 Pw72 1  0 1. 00
  2 4CH3Br  g   600.000  39.2670 .020 Pw72 1  0 1. 00
  2 4CH3Br  g   700.000  39.2330 .020 Pw72 1  0 1. 00
  2 4CH3Br  g   800.000  38.6000 .020 Pw72 1  0 1. 00
  2 4CH3Br  g   900.000  37.5500 .020 Pw72 1  0 1. 00
  2 4CH3Br  g  1000.000  36.2500 .020 Pw72 1  0 1. 00
  2 4CH3Br  g  1100.000  34.8330 .020 Pw72 1  0 1. 00
  2 4CH3Br  g  1200.000  33.5670 .020 Pw72 1  0 1. 00
  2 4CH3Br  g  1300.000  32.4330 .020 Pw72 1  0 1. 00
  2 4CH3Br  g  1400.000  31.3670 .020 Pw72 1  0 1. 00
  2 4CH3Br  g  1500.000  30.3500 .020 Pw72 1  0 1. 00
  2 4CH3Br  g  1600.000  29.4000 .020 Pw72 1  0 1. 00
  2 4CH3Br  g  1700.000  28.5000 .020 Pw72 1  0 1. 00
  2 4CH3Br  g  1800.000  27.6670 .020 Pw72 1  0 1. 00
  2 4CH3Br  g  1900.000  26.8670 .020 Pw72 1  0 1. 00
  2 4CH3Br  g  2000.000  26.1330 .020 Pw72 1  0 1. 00
