  2 4CH5Br  g   300.000  27.8380 .020 Pw72 1  0 1. 00
  2 4CH5Br  g   400.000  30.7000 .020 Pw72 1  0 1. 00
  2 4CH5Br  g   500.000  32.3000 .020 Pw72 1  0 1. 00
  2 4CH5Br  g   600.000  32.9380 .020 Pw72 1  0 1. 00
  2 4CH5Br  g   700.000  32.8250 .020 Pw72 1  0 1. 00
  2 4CH5Br  g   800.000  32.1880 .020 Pw72 1  0 1. 00
  2 4CH5Br  g   900.000  31.2130 .020 Pw72 1  0 1. 00
  2 4CH5Br  g  1000.000  30.0500 .020 Pw72 1  0 1. 00
  2 4CH5Br  g  1100.000  28.8380 .020 Pw72 1  0 1. 00
  2 4CH5Br  g  1200.000  27.7630 .020 Pw72 1  0 1. 00
  2 4CH5Br  g  1300.000  26.8000 .020 Pw72 1  0 1. 00
  2 4CH5Br  g  1400.000  25.8880 .020 Pw72 1  0 1. 00
  2 4CH5Br  g  1500.000  25.0380 .020 Pw72 1  0 1. 00
  2 4CH5Br  g  1600.000  24.2380 .020 Pw72 1  0 1. 00
  2 4CH5Br  g  1700.000  23.4880 .020 Pw72 1  0 1. 00
  2 4CH5Br  g  1800.000  22.7880 .020 Pw72 1  0 1. 00
  2 4CH5Br  g  1900.000  22.1250 .020 Pw72 1  0 1. 00
  2 4CH5Br  g  2000.000  21.5130 .020 Pw72 1  0 1. 00
