  2 4CH5I   g   300.000  32.5130 .020 Pw72 1  0 1. 00
  2 4CH5I   g   400.000  35.6750 .020 Pw72 1  0 1. 00
  2 4CH5I   g   500.000  37.4130 .020 Pw72 1  0 1. 00
  2 4CH5I   g   600.000  38.0380 .020 Pw72 1  0 1. 00
  2 4CH5I   g   700.000  37.8630 .020 Pw72 1  0 1. 00
  2 4CH5I   g   800.000  37.1250 .020 Pw72 1  0 1. 00
  2 4CH5I   g   900.000  36.0630 .020 Pw72 1  0 1. 00
  2 4CH5I   g  1000.000  34.8250 .020 Pw72 1  0 1. 00
  2 4CH5I   g  1100.000  33.5380 .020 Pw72 1  0 1. 00
  2 4CH5I   g  1200.000  32.2880 .020 Pw72 1  0 1. 00
  2 4CH5I   g  1300.000  31.1130 .020 Pw72 1  0 1. 00
  2 4CH5I   g  1400.000  30.0630 .020 Pw72 1  0 1. 00
  2 4CH5I   g  1500.000  29.0380 .020 Pw72 1  0 1. 00
  2 4CH5I   g  1600.000  28.0750 .020 Pw72 1  0 1. 00
  2 4CH5I   g  1700.000  27.1880 .020 Pw72 1  0 1. 00
  2 4CH5I   g  1800.000  26.3500 .020 Pw72 1  0 1. 00
  2 4CH5I   g  1900.000  25.5750 .020 Pw72 1  0 1. 00
  2 4CH5I   g  2000.000  24.8380 .020 Pw72 1  0 1. 00
