  2 4CHClF  g   300.000  47.6600 .020 Pw72 1  0 1. 00
  2 4CHClF  g   400.000  51.4400 .020 Pw72 1  0 1. 00
  2 4CHClF  g   500.000  53.6000 .020 Pw72 1  0 1. 00
  2 4CHClF  g   600.000  54.4800 .020 Pw72 1  0 1. 00
  2 4CHClF  g   700.000  54.3800 .020 Pw72 1  0 1. 00
  2 4CHClF  g   800.000  53.5600 .020 Pw72 1  0 1. 00
  2 4CHClF  g   900.000  52.2800 .020 Pw72 1  0 1. 00
  2 4CHClF  g  1000.000  50.7200 .020 Pw72 1  0 1. 00
  2 4CHClF  g  1100.000  49.0200 .020 Pw72 1  0 1. 00
  2 4CHClF  g  1200.000  47.3400 .020 Pw72 1  0 1. 00
  2 4CHClF  g  1300.000  45.7400 .020 Pw72 1  0 1. 00
  2 4CHClF  g  1400.000  44.2200 .020 Pw72 1  0 1. 00
  2 4CHClF  g  1500.000  42.7600 .020 Pw72 1  0 1. 00
  2 4CHClF  g  1600.000  41.4000 .020 Pw72 1  0 1. 00
  2 4CHClF  g  1700.000  40.1200 .020 Pw72 1  0 1. 00
  2 4CHClF  g  1800.000  38.9200 .020 Pw72 1  0 1. 00
  2 4CHClF  g  1900.000  37.8000 .020 Pw72 1  0 1. 00
  2 4CHClF  g  2000.000  36.7400 .020 Pw72 1  0 1. 00
