  2 4Cl2    g   111.000  43.5000 .020 Ba84 1  2 1. 12
  2 4Cl2    g   152.000  50.7000 .020 Ba84 1  2 1. 12
  2 4Cl2    g   155.000  51.4000 .020 Ba84 1  2 1. 12
  2 4Cl2    g   201.000  58.8000 .020 Ba84 1  2 1. 12
  2 4Cl2    g   205.000  59.0000 .020 Ba84 1  2 1. 12
  2 4Cl2    g   245.000  64.7000 .020 Ba84 1  2 1. 12
  2 4Cl2    g   251.000  65.2000 .020 Ba84 1  2 1. 12
  2 4Cl2    g   297.000  71.5000 .020 Ba84 1  2 1. 12
  2 4Cl2    g   302.000  71.3000 .020 Ba84 1  2 1. 12
  2 4Cl2    g   343.000  75.6000 .020 Ba84 1  2 1. 12
  2 4Cl2    g   353.000  75.7000 .020 Ba84 1  2 1. 12
  2 4Cl2    g   394.000  79.8000 .020 Ba84 1  2 1. 12
  2 4Cl2    g   404.000  80.2000 .020 Ba84 1  2 1. 12
  2 4Cl2    g   441.000  83.9000 .020 Ba84 1  2 1. 12
  2 4Cl2    g   451.000  83.9000 .020 Ba84 1  2 1. 12
  2 4Cl2    g   494.000  85.7000 .020 Ba84 1  2 1. 12
  2 4Cl2    g   504.000  85.1000 .020 Ba84 1  2 1. 12
  2 4Cl2    g   542.000  86.6000 .020 Ba84 1  2 1. 12
  2 4Cl2    g   552.000  86.4000 .020 Ba84 1  2 1. 12
  2 4Cl2    g   599.000  87.4000 .020 Ba84 1  2 1. 12
  2 4Cl2    g   604.000  86.9000 .020 Ba84 1  2 1. 12
  2 4Cl2    g   649.000  87.1000 .020 Ba84 1  2 1. 12
  2 4Cl2    g   659.000  86.9000 .020 Ba84 1  2 1. 12
  2 4Cl2    g   693.000  87.1000 .020 Ba84 1  2 1. 12
  2 4Cl2    g   704.000  86.2000 .020 Ba84 1  2 1. 12
  2 4Cl2    g   743.000  85.5000 .020 Ba84 1  2 1. 12
  2 4Cl2    g   752.000  84.8000 .020 Ba84 1  2 1. 12
  2 4Cl2    g   793.000  85.2000 .020 Ba84 1  2 1. 12
  2 4Cl2    g   803.000  83.8000 .020 Ba84 1  2 1. 12
  2 4Cl2    g   843.000  83.1000 .020 Ba84 1  2 1. 12
  2 4Cl2    g   852.000  82.6000 .020 Ba84 1  2 1. 12
  2 4Cl2    g   892.000  82.4000 .020 Ba84 1  2 1. 12
  2 4Cl2    g   901.000  81.6000 .020 Ba84 1  2 1. 12
  2 4Cl2    g   953.000  81.1000 .020 Ba84 1  2 1. 12
  2 4Cl2    g   962.000  80.6000 .020 Ba84 1  2 1. 12
  2 4Cl2    g  1001.000  79.3000 .020 Ba84 1  2 1. 12
  2 4Cl2    g  1013.000  79.6000 .020 Ba84 1  2 1. 12
