  2 4Clfmv  g  1000.000  54.7800 .030 Ak80 2  0 1. 00
  2 4Clfmv  g  1250.000  52.3400 .030 Ak80 2  0 1. 00
  2 4Clfmv  g  1500.000  48.5000 .030 Ak80 2  0 1. 00
  2 4Clfmv  g  1750.000  45.1400 .030 Ak80 2  0 1. 00
  2 4Clfmv  g  2000.000  41.8600 .030 Ak80 2  0 1. 00
  2 4Clfmv  g  2250.000  39.4000 .030 Ak80 2  0 1. 00
  2 4Clfmv  g  2500.000  36.6200 .030 Ak80 2  0 1. 00
  2 4Clfmv  g  2750.000  34.8400 .030 Ak80 2  0 1. 00
  2 4Clfmv  g  3000.000  33.1200 .030 Ak80 2  0 1. 00
  2 4Clfmv  g  3250.000  31.5000 .030 Ak80 2  0 1. 00
  2 4Clfmv  g  3500.000  29.6200 .030 Ak80 2  0 1. 00
  2 4Clfmv  g  3750.000  28.4000 .030 Ak80 2  0 1. 00
  2 4Clfmv  g  4000.000  27.1600 .030 Ak80 2  0 1. 00
  2 4Clfmv  g  4250.000  26.4800 .030 Ak80 2  0 1. 00
  2 4Clfmv  g  4500.000  25.6200 .030 Ak80 2  0 1. 00
  2 4Clfmv  g  4750.000  24.9800 .030 Ak80 2  0 1. 00
  2 4Clfmv  g  5000.000  24.3800 .030 Ak80 2  0 1. 00
  2 4Clfmv  g  5250.000  23.7800 .030 Ak80 2  0 1. 00
  2 4Clfmv  g  5500.000  23.1400 .030 Ak80 2  0 1. 00
  2 4Clfmv  g  5750.000  22.4600 .030 Ak80 2  0 1. 00
  2 4Clfmv  g  6000.000  21.8000 .030 Ak80 2  0 1. 00
  2 4Clfmv  g  6250.000  21.1400 .030 Ak80 2  0 1. 00
  2 4Clfmv  g  6500.000  20.5000 .030 Ak80 2  0 1. 00
  2 4Clfmv  g  6750.000  19.9600 .030 Ak80 2  0 1. 00
  2 4Clfmv  g  7000.000  19.3400 .030 Ak80 2  0 1. 00
  2 4Clfmv  g  7250.000  18.7800 .030 Ak80 2  0 1. 00
  2 4Clfmv  g  7500.000  18.2600 .030 Ak80 2  0 1. 00
  2 4Clfmv  g  7750.000  17.7400 .030 Ak80 2  0 1. 00
  2 4Clfmv  g  8000.000  17.3400 .030 Ak80 2  0 1. 00
