  2 4Clfm   l  1000.000  53.7000 .030 Ak80 2  0 1. 00
  2 4Clfm   l  1250.000  51.4400 .030 Ak80 2  0 1. 00
  2 4Clfm   l  1500.000  47.6200 .030 Ak80 2  0 1. 00
  2 4Clfm   l  1750.000  44.2600 .030 Ak80 2  0 1. 00
  2 4Clfm   l  2000.000  41.1600 .030 Ak80 2  0 1. 00
  2 4Clfm   l  2250.000  38.3800 .030 Ak80 2  0 1. 00
  2 4Clfm   l  2500.000  35.9400 .030 Ak80 2  0 1. 00
  2 4Clfm   l  2750.000  34.4400 .030 Ak80 2  0 1. 00
  2 4Clfm   l  3000.000  32.7000 .030 Ak80 2  0 1. 00
  2 4Clfm   l  3250.000  31.0000 .030 Ak80 2  0 1. 00
  2 4Clfm   l  3500.000  29.1800 .030 Ak80 2  0 1. 00
  2 4Clfm   l  3750.000  28.0000 .030 Ak80 2  0 1. 00
  2 4Clfm   l  4000.000  26.9200 .030 Ak80 2  0 1. 00
  2 4Clfm   l  4250.000  26.2600 .030 Ak80 2  0 1. 00
  2 4Clfm   l  4500.000  25.2800 .030 Ak80 2  0 1. 00
  2 4Clfm   l  4750.000  24.4200 .030 Ak80 2  0 1. 00
  2 4Clfm   l  5000.000  23.5600 .030 Ak80 2  0 1. 00
  2 4Clfm   l  5250.000  22.8800 .030 Ak80 2  0 1. 00
  2 4Clfm   l  5500.000  22.5400 .030 Ak80 2  0 1. 00
  2 4Clfm   l  5750.000  22.0800 .030 Ak80 2  0 1. 00
  2 4Clfm   l  6000.000  21.6600 .030 Ak80 2  0 1. 00
  2 4Clfm   l  6250.000  21.1400 .030 Ak80 2  0 1. 00
  2 4Clfm   l  6500.000  20.4800 .030 Ak80 2  0 1. 00
  2 4Clfm   l  6750.000  19.7800 .030 Ak80 2  0 1. 00
  2 4Clfm   l  7000.000  19.3600 .030 Ak80 2  0 1. 00
  2 4Clfm   l  7250.000  18.9000 .030 Ak80 2  0 1. 00
  2 4Clfm   l  7500.000  18.4000 .030 Ak80 2  0 1. 00
  2 4Clfm   l  7750.000  17.9200 .030 Ak80 2  0 1. 00
  2 4Clfm   l  8000.000  17.3800 .030 Ak80 2  0 1. 00
