  2 4COg    g   300.000  42.3000 .015 Bu71 1  0 1. 00
  2 4COg    g   400.000  45.6000 .015 Bu71 1  0 1. 00
  2 4COg    g   500.000  47.4000 .015 Bu71 1  0 1. 00
  2 4COg    g   600.000  47.7500 .015 Bu71 1  0 1. 00
  2 4COg    g   700.000  47.6500 .015 Bu71 1  0 1. 00
  2 4COg    g   800.000  47.1000 .015 Bu71 1  0 1. 00
  2 4COg    g   900.000  46.2500 .015 Bu71 1  0 1. 00
  2 4COg    g  1000.000  45.1500 .015 Bu71 1  0 1. 00
  2 4COg    g  1100.000  43.9000 .015 Bu71 1  0 1. 00
  2 4COg    g  1200.000  42.5500 .015 Bu71 1  0 1. 00
  2 4COg    g  1300.000  41.2000 .015 Bu71 1  0 1. 00
  2 4COg    g  1400.000  39.9000 .015 Bu71 1  0 1. 00
  2 4COg    g  1500.000  38.6000 .015 Bu71 1  0 1. 00
  2 4COg    g  1600.000  37.4000 .015 Bu71 1  0 1. 00
  2 4COg    g  1700.000  36.2500 .015 Bu71 1  0 1. 00
  2 4COg    g  1800.000  35.2500 .015 Bu71 1  0 1. 00
  2 4COg    g  1900.000  34.3500 .015 Bu71 1  0 1. 00
  2 4COg    g  2000.000  33.6000 .015 Bu71 1  0 1. 00
