  2 4Cs     s    68.580  60.3100 .110 Kr82 1  0 1. 00
  2 4Cs     s    73.120  58.0500 .110 Kr82 1  0 1. 00
  2 4Cs     s    81.510  57.6200 .110 Kr82 1  0 1. 00
  2 4Cs     s    77.050  64.5800 .110 Kr82 1  0 1. 00
  2 4Cs     s    85.090  66.4000 .110 Kr82 1  0 1. 00
  2 4Cs     s    88.840  62.3000 .110 Kr82 1  0 1. 00
  2 4Cs     s    91.990  68.0200 .110 Kr82 1  0 1. 00
  2 4Cs     s    95.750  64.9400 .110 Kr82 1  0 1. 00
  2 4Cs     s   106.440  64.9200 .110 Kr82 1  0 1. 00
  2 4Cs     s   100.860  73.3100 .110 Kr82 1  0 1. 00
  2 4Cs     s   110.090  77.5800 .110 Kr82 1  0 1. 00
  2 4Cs     s   114.060  64.4900 .110 Kr82 1  0 1. 00
  2 4Cs     s   122.510  67.9400 .110 Kr82 1  0 1. 00
  2 4Cs     s   128.770  76.5100 .110 Kr82 1  0 1. 00
  2 4Cs     s   134.040  72.8200 .110 Kr82 1  0 1. 00
  2 4Cs     s   136.870  82.0000 .110 Kr82 1  0 1. 00
  2 4Cs     s   143.660  77.4900 .110 Kr82 1  0 1. 00
  2 4Cs     s   153.040  90.3400 .110 Kr82 1  0 1. 00
  2 4Cs     s   157.470  81.3400 .110 Kr82 1  0 1. 00
  2 4Cs     s   162.990  91.9500 .110 Kr82 1  0 1. 00
  2 4Cs     s   168.640  87.6500 .110 Kr82 1  0 1. 00
  2 4Cs     s   171.770  91.9300 .110 Kr82 1  0 1. 00
  2 4Cs     s   174.070  92.9500 .110 Kr82 1  0 1. 00
  2 4Cs     s   175.830  84.3600 .110 Kr82 1  0 1. 00
  2 4Cs     s   186.230  89.8500 .110 Kr82 1  0 1. 00
  2 4Cs     s   191.730  99.0300 .110 Kr82 1  0 1. 00
