  2 4CS2v   g   300.000  68.9670 .010 OP81 1  0 1. 00
  2 4CS2v   g   400.000  75.8670 .010 OP81 1  0 1. 00
  2 4CS2v   g   500.000  77.6330 .010 OP81 1  0 1. 00
  2 4CS2v   g   600.000  76.4670 .010 OP81 1  0 1. 00
  2 4CS2v   g   700.000  74.0000 .010 OP81 1  0 1. 00
  2 4CS2v   g   800.000  71.2670 .010 OP81 1  0 1. 00
  2 4CS2v   g   900.000  68.7000 .010 OP81 1  0 1. 00
  2 4CS2v   g  1000.000  66.2000 .010 OP81 1  0 1. 00
  2 4CS2v   g  1100.000  63.6000 .010 OP81 1  0 1. 00
  2 4CS2v   g  1200.000  61.1670 .010 OP81 1  0 1. 00
  2 4CS2v   g  1300.000  58.9000 .010 OP81 1  0 1. 00
  2 4CS2v   g  1400.000  56.7670 .010 OP81 1  0 1. 00
  2 4CS2v   g  1500.000  54.8000 .010 OP81 1  0 1. 00
  2 4CS2v   g  1600.000  52.9670 .010 OP81 1  0 1. 00
  2 4CS2v   g  1700.000  51.2670 .010 OP81 1  0 1. 00
  2 4CS2v   g  1800.000  49.6670 .010 OP81 1  0 1. 00
  2 4CS2v   g  1900.000  48.1670 .010 OP81 1  0 1. 00
  2 4CS2v   g  2000.000  46.7670 .010 OP81 1  0 1. 00
