  2 4CycOv  g   300.000  20.6300 .010 BP79 1  0 1. 00
  2 4CycOv  g   400.000  22.2100 .010 BP79 1  0 1. 00
  2 4CycOv  g   500.000  23.0800 .010 BP79 1  0 1. 00
  2 4CycOv  g   600.000  23.4200 .010 BP79 1  0 1. 00
  2 4CycOv  g   700.000  23.3800 .010 BP79 1  0 1. 00
  2 4CycOv  g   800.000  23.0000 .010 BP79 1  0 1. 00
  2 4CycOv  g   900.000  22.4600 .010 BP79 1  0 1. 00
  2 4CycOv  g  1000.000  21.7500 .010 BP79 1  0 1. 00
  2 4CycOv  g  1100.000  21.0000 .010 BP79 1  0 1. 00
  2 4CycOv  g  1200.000  20.2100 .010 BP79 1  0 1. 00
  2 4CycOv  g  1300.000  19.4200 .010 BP79 1  0 1. 00
  2 4CycOv  g  1400.000  18.6300 .010 BP79 1  0 1. 00
  2 4CycOv  g  1500.000  17.8300 .010 BP79 1  0 1. 00
  2 4CycOv  g  1600.000  17.1700 .010 BP79 1  0 1. 00
  2 4CycOv  g  1700.000  16.5400 .010 BP79 1  0 1. 00
  2 4CycOv  g  1800.000  15.9600 .010 BP79 1  0 1. 00
  2 4CycOv  g  1900.000  15.4200 .010 BP79 1  0 1. 00
  2 4CycOv  g  2000.000  14.9200 .010 BP79 1  0 1. 00
