  2 4CyHdv  g   300.000  23.3600 .010 BP79 1  0 1. 00
  2 4CyHdv  g   400.000  25.5000 .010 BP79 1  0 1. 00
  2 4CyHdv  g   500.000  26.7100 .010 BP79 1  0 1. 00
  2 4CyHdv  g   600.000  27.1400 .010 BP79 1  0 1. 00
  2 4CyHdv  g   700.000  27.0000 .010 BP79 1  0 1. 00
  2 4CyHdv  g   800.000  26.5000 .010 BP79 1  0 1. 00
  2 4CyHdv  g   900.000  25.7900 .010 BP79 1  0 1. 00
  2 4CyHdv  g  1000.000  24.8600 .010 BP79 1  0 1. 00
  2 4CyHdv  g  1100.000  23.9300 .010 BP79 1  0 1. 00
  2 4CyHdv  g  1200.000  23.0000 .010 BP79 1  0 1. 00
  2 4CyHdv  g  1300.000  22.0700 .010 BP79 1  0 1. 00
  2 4CyHdv  g  1400.000  21.2100 .010 BP79 1  0 1. 00
  2 4CyHdv  g  1500.000  20.3600 .010 BP79 1  0 1. 00
  2 4CyHdv  g  1600.000  19.6400 .010 BP79 1  0 1. 00
  2 4CyHdv  g  1700.000  18.9300 .010 BP79 1  0 1. 00
  2 4CyHdv  g  1800.000  18.2900 .010 BP79 1  0 1. 00
  2 4CyHdv  g  1900.000  17.6400 .010 BP79 1  0 1. 00
  2 4CyHdv  g  2000.000  17.1400 .010 BP79 1  0 1. 00
