  2 4CyHev  g   300.000  21.9400 .010 BP79 1  0 1. 00
  2 4CyHev  g   400.000  23.8800 .010 BP79 1  0 1. 00
  2 4CyHev  g   500.000  24.8800 .010 BP79 1  0 1. 00
  2 4CyHev  g   600.000  25.1900 .010 BP79 1  0 1. 00
  2 4CyHev  g   700.000  25.0600 .010 BP79 1  0 1. 00
  2 4CyHev  g   800.000  24.6300 .010 BP79 1  0 1. 00
  2 4CyHev  g   900.000  23.9400 .010 BP79 1  0 1. 00
  2 4CyHev  g  1000.000  23.1300 .010 BP79 1  0 1. 00
  2 4CyHev  g  1100.000  22.3100 .010 BP79 1  0 1. 00
  2 4CyHev  g  1200.000  21.3800 .010 BP79 1  0 1. 00
  2 4CyHev  g  1300.000  20.4400 .010 BP79 1  0 1. 00
  2 4CyHev  g  1400.000  19.6300 .010 BP79 1  0 1. 00
  2 4CyHev  g  1500.000  18.8800 .010 BP79 1  0 1. 00
  2 4CyHev  g  1600.000  18.1900 .010 BP79 1  0 1. 00
  2 4CyHev  g  1700.000  17.5600 .010 BP79 1  0 1. 00
  2 4CyHev  g  1800.000  16.9400 .010 BP79 1  0 1. 00
  2 4CyHev  g  1900.000  16.3800 .010 BP79 1  0 1. 00
  2 4CyHev  g  2000.000  15.8800 .010 BP79 1  0 1. 00
