  2 4CyHov  g   300.000  23.0000 .010 BP79 1  0 1. 00
  2 4CyHov  g   400.000  24.4700 .010 BP79 1  0 1. 00
  2 4CyHov  g   500.000  25.4100 .010 BP79 1  0 1. 00
  2 4CyHov  g   600.000  25.8800 .010 BP79 1  0 1. 00
  2 4CyHov  g   700.000  25.9400 .010 BP79 1  0 1. 00
  2 4CyHov  g   800.000  25.6500 .010 BP79 1  0 1. 00
  2 4CyHov  g   900.000  25.1200 .010 BP79 1  0 1. 00
  2 4CyHov  g  1000.000  24.3500 .010 BP79 1  0 1. 00
  2 4CyHov  g  1100.000  23.4100 .010 BP79 1  0 1. 00
  2 4CyHov  g  1200.000  22.4700 .010 BP79 1  0 1. 00
  2 4CyHov  g  1300.000  21.5300 .010 BP79 1  0 1. 00
  2 4CyHov  g  1400.000  20.7100 .010 BP79 1  0 1. 00
  2 4CyHov  g  1500.000  19.9400 .010 BP79 1  0 1. 00
  2 4CyHov  g  1600.000  19.2900 .010 BP79 1  0 1. 00
  2 4CyHov  g  1700.000  18.6500 .010 BP79 1  0 1. 00
  2 4CyHov  g  1800.000  18.0000 .010 BP79 1  0 1. 00
  2 4CyHov  g  1900.000  17.4700 .010 BP79 1  0 1. 00
  2 4CyHov  g  2000.000  16.9400 .010 BP79 1  0 1. 00
