  2 4DClMv  g  1000.000  42.6200 .040 Ak80 2  0 1. 00
  2 4DClMv  g  1250.000  40.1000 .040 Ak80 2  0 1. 00
  2 4DClMv  g  1500.000  37.6000 .040 Ak80 2  0 1. 00
  2 4DClMv  g  1750.000  34.7800 .040 Ak80 2  0 1. 00
  2 4DClMv  g  2000.000  32.2200 .040 Ak80 2  0 1. 00
  2 4DClMv  g  2250.000  30.3400 .040 Ak80 2  0 1. 00
  2 4DClMv  g  2500.000  28.5200 .040 Ak80 2  0 1. 00
  2 4DClMv  g  2750.000  26.9200 .040 Ak80 2  0 1. 00
  2 4DClMv  g  3000.000  25.6000 .040 Ak80 2  0 1. 00
  2 4DClMv  g  3250.000  24.6000 .040 Ak80 2  0 1. 00
  2 4DClMv  g  3500.000  23.4200 .040 Ak80 2  0 1. 00
  2 4DClMv  g  3750.000  22.4400 .040 Ak80 2  0 1. 00
  2 4DClMv  g  4000.000  21.5200 .040 Ak80 2  0 1. 00
  2 4DClMv  g  4250.000  20.7800 .040 Ak80 2  0 1. 00
  2 4DClMv  g  4500.000  20.1000 .040 Ak80 2  0 1. 00
  2 4DClMv  g  4750.000  19.4400 .040 Ak80 2  0 1. 00
  2 4DClMv  g  5000.000  18.7200 .040 Ak80 2  0 1. 00
  2 4DClMv  g  5250.000  18.2000 .040 Ak80 2  0 1. 00
  2 4DClMv  g  5500.000  17.6400 .040 Ak80 2  0 1. 00
  2 4DClMv  g  5750.000  17.0600 .040 Ak80 2  0 1. 00
  2 4DClMv  g  6000.000  16.5400 .040 Ak80 2  0 1. 00
  2 4DClMv  g  6250.000  16.0800 .040 Ak80 2  0 1. 00
  2 4DClMv  g  6500.000  15.6200 .040 Ak80 2  0 1. 00
  2 4DClMv  g  6750.000  15.1600 .040 Ak80 2  0 1. 00
  2 4DClMv  g  7000.000  14.7000 .040 Ak80 2  0 1. 00
  2 4DClMv  g  7250.000  14.3000 .040 Ak80 2  0 1. 00
  2 4DClMv  g  7500.000  13.8400 .040 Ak80 2  0 1. 00
  2 4DClMv  g  7750.000  13.3600 .040 Ak80 2  0 1. 00
  2 4DClMv  g  8000.000  13.0000 .040 Ak80 2  0 1. 00
