  2 4DClM   l  1000.000  39.6400 .030 Ak80 2  0 1. 00
  2 4DClM   l  1250.000  37.0800 .030 Ak80 2  0 1. 00
  2 4DClM   l  1500.000  35.3400 .030 Ak80 2  0 1. 00
  2 4DClM   l  1750.000  33.6200 .030 Ak80 2  0 1. 00
  2 4DClM   l  2000.000  31.6800 .030 Ak80 2  0 1. 00
  2 4DClM   l  2250.000  29.9400 .030 Ak80 2  0 1. 00
  2 4DClM   l  2500.000  28.2200 .030 Ak80 2  0 1. 00
  2 4DClM   l  2750.000  26.6000 .030 Ak80 2  0 1. 00
  2 4DClM   l  3000.000  25.3200 .030 Ak80 2  0 1. 00
  2 4DClM   l  3250.000  24.1600 .030 Ak80 2  0 1. 00
  2 4DClM   l  3500.000  23.0200 .030 Ak80 2  0 1. 00
  2 4DClM   l  3750.000  22.0200 .030 Ak80 2  0 1. 00
  2 4DClM   l  4000.000  21.3200 .030 Ak80 2  0 1. 00
  2 4DClM   l  4250.000  20.5200 .030 Ak80 2  0 1. 00
  2 4DClM   l  4500.000  19.8800 .030 Ak80 2  0 1. 00
  2 4DClM   l  4750.000  19.2200 .030 Ak80 2  0 1. 00
  2 4DClM   l  5000.000  18.5000 .030 Ak80 2  0 1. 00
  2 4DClM   l  5250.000  17.9200 .030 Ak80 2  0 1. 00
  2 4DClM   l  5500.000  17.4400 .030 Ak80 2  0 1. 00
  2 4DClM   l  5750.000  17.0000 .030 Ak80 2  0 1. 00
  2 4DClM   l  6000.000  16.6000 .030 Ak80 2  0 1. 00
  2 4DClM   l  6250.000  16.2200 .030 Ak80 2  0 1. 00
  2 4DClM   l  6500.000  15.7000 .030 Ak80 2  0 1. 00
  2 4DClM   l  6750.000  15.2000 .030 Ak80 2  0 1. 00
  2 4DClM   l  7000.000  14.6800 .030 Ak80 2  0 1. 00
  2 4DClM   l  7250.000  14.2200 .030 Ak80 2  0 1. 00
  2 4DClM   l  7500.000  13.6800 .030 Ak80 2  0 1. 00
  2 4DClM   l  7750.000  13.0800 .030 Ak80 2  0 1. 00
  2 4DClM   l  8000.000  12.8000 .030 Ak80 2  0 1. 00
