  2 4DEtEv  g   300.000  20.5200 .010 CB77 1  0 1. 00
  2 4DEtEv  g   400.000  22.2900 .010 CB77 1  0 1. 00
  2 4DEtEv  g   500.000  23.3100 .010 CB77 1  0 1. 00
  2 4DEtEv  g   600.000  23.7400 .010 CB77 1  0 1. 00
  2 4DEtEv  g   700.000  23.7100 .010 CB77 1  0 1. 00
  2 4DEtEv  g   800.000  23.3500 .010 CB77 1  0 1. 00
  2 4DEtEv  g   900.000  22.7500 .010 CB77 1  0 1. 00
  2 4DEtEv  g  1000.000  21.9900 .010 CB77 1  0 1. 00
  2 4DEtEv  g  1100.000  21.1700 .010 CB77 1  0 1. 00
  2 4DEtEv  g  1200.000  20.3300 .010 CB77 1  0 1. 00
  2 4DEtEv  g  1300.000  19.5100 .010 CB77 1  0 1. 00
  2 4DEtEv  g  1400.000  18.7600 .010 CB77 1  0 1. 00
  2 4DEtEv  g  1500.000  18.0600 .010 CB77 1  0 1. 00
  2 4DEtEv  g  1600.000  17.4200 .010 CB77 1  0 1. 00
  2 4DEtEv  g  1700.000  16.8300 .010 CB77 1  0 1. 00
  2 4DEtEv  g  1800.000  16.2700 .010 CB77 1  0 1. 00
  2 4DEtEv  g  1900.000  15.7600 .010 CB77 1  0 1. 00
  2 4DEtEv  g  2000.000  15.2800 .010 CB77 1  0 1. 00
