  2 4Dfley  g   300.000  29.2500 .010 LP74 1  0 1. 00
  2 4Dfley  g   400.000  31.4670 .010 LP74 1  0 1. 00
  2 4Dfley  g   500.000  32.9000 .010 LP74 1  0 1. 00
  2 4Dfley  g   600.000  33.7000 .010 LP74 1  0 1. 00
  2 4Dfley  g   700.000  33.9830 .010 LP74 1  0 1. 00
  2 4Dfley  g   800.000  33.8670 .010 LP74 1  0 1. 00
  2 4Dfley  g   900.000  33.4330 .010 LP74 1  0 1. 00
  2 4Dfley  g  1000.000  32.8000 .010 LP74 1  0 1. 00
  2 4Dfley  g  1100.000  32.0170 .010 LP74 1  0 1. 00
  2 4Dfley  g  1200.000  31.1670 .010 LP74 1  0 1. 00
  2 4Dfley  g  1300.000  30.2830 .010 LP74 1  0 1. 00
  2 4Dfley  g  1400.000  29.3830 .010 LP74 1  0 1. 00
  2 4Dfley  g  1500.000  28.5330 .010 LP74 1  0 1. 00
  2 4Dfley  g  1600.000  27.7170 .010 LP74 1  0 1. 00
  2 4Dfley  g  1700.000  26.9500 .010 LP74 1  0 1. 00
  2 4Dfley  g  1800.000  26.2000 .010 LP74 1  0 1. 00
  2 4Dfley  g  1900.000  25.5170 .010 LP74 1  0 1. 00
  2 4Dfley  g  2000.000  24.8500 .010 LP74 1  0 1. 00
