  2 4Dflea  g   300.000  24.6250 .010 LP74 1  0 1. 00
  2 4Dflea  g   400.000  26.3880 .010 LP74 1  0 1. 00
  2 4Dflea  g   500.000  27.5630 .010 LP74 1  0 1. 00
  2 4Dflea  g   600.000  28.2500 .010 LP74 1  0 1. 00
  2 4Dflea  g   700.000  28.5250 .010 LP74 1  0 1. 00
  2 4Dflea  g   800.000  28.4880 .010 LP74 1  0 1. 00
  2 4Dflea  g   900.000  28.1750 .010 LP74 1  0 1. 00
  2 4Dflea  g  1000.000  27.6630 .010 LP74 1  0 1. 00
  2 4Dflea  g  1100.000  27.0130 .010 LP74 1  0 1. 00
  2 4Dflea  g  1200.000  26.2630 .010 LP74 1  0 1. 00
  2 4Dflea  g  1300.000  25.4500 .010 LP74 1  0 1. 00
  2 4Dflea  g  1400.000  24.6250 .010 LP74 1  0 1. 00
  2 4Dflea  g  1500.000  24.9250 .010 LP74 1  0 1. 00
  2 4Dflea  g  1600.000  23.0000 .010 LP74 1  0 1. 00
  2 4Dflea  g  1700.000  22.2500 .010 LP74 1  0 1. 00
  2 4Dflea  g  1800.000  21.5380 .010 LP74 1  0 1. 00
  2 4Dflea  g  1900.000  20.8880 .010 LP74 1  0 1. 00
  2 4Dflea  g  2000.000  20.2750 .010 LP74 1  0 1. 00
