  2 4Dioxv  g   300.000  22.8600 .010 BP79 1  0 1. 00
  2 4Dioxv  g   400.000  24.7900 .010 BP79 1  0 1. 00
  2 4Dioxv  g   500.000  25.8600 .010 BP79 1  0 1. 00
  2 4Dioxv  g   600.000  26.3600 .010 BP79 1  0 1. 00
  2 4Dioxv  g   700.000  26.3600 .010 BP79 1  0 1. 00
  2 4Dioxv  g   800.000  26.1400 .010 BP79 1  0 1. 00
  2 4Dioxv  g   900.000  25.7100 .010 BP79 1  0 1. 00
  2 4Dioxv  g  1000.000  25.1400 .010 BP79 1  0 1. 00
  2 4Dioxv  g  1100.000  24.5000 .010 BP79 1  0 1. 00
  2 4Dioxv  g  1200.000  23.7100 .010 BP79 1  0 1. 00
  2 4Dioxv  g  1300.000  22.7900 .010 BP79 1  0 1. 00
  2 4Dioxv  g  1400.000  21.9300 .010 BP79 1  0 1. 00
  2 4Dioxv  g  1500.000  21.0700 .010 BP79 1  0 1. 00
  2 4Dioxv  g  1600.000  20.3600 .010 BP79 1  0 1. 00
  2 4Dioxv  g  1700.000  19.6400 .010 BP79 1  0 1. 00
  2 4Dioxv  g  1800.000  19.0000 .010 BP79 1  0 1. 00
  2 4Dioxv  g  1900.000  18.3600 .010 BP79 1  0 1. 00
  2 4Dioxv  g  2000.000  17.8600 .010 BP79 1  0 1. 00
