  2 4DMAm   g   300.000  20.6900 .010 Pw84 1  0 1. 00
  2 4DMAm   g   400.000  22.1400 .010 Pw84 1  0 1. 00
  2 4DMAm   g   500.000  22.9400 .010 Pw84 1  0 1. 00
  2 4DMAm   g   600.000  23.2300 .010 Pw84 1  0 1. 00
  2 4DMAm   g   700.000  23.1400 .010 Pw84 1  0 1. 00
  2 4DMAm   g   800.000  22.7700 .010 Pw84 1  0 1. 00
  2 4DMAm   g   900.000  22.1900 .010 Pw84 1  0 1. 00
  2 4DMAm   g  1000.000  21.4800 .010 Pw84 1  0 1. 00
  2 4DMAm   g  1100.000  20.6500 .010 Pw84 1  0 1. 00
  2 4DMAm   g  1200.000  19.7500 .010 Pw84 1  0 1. 00
  2 4DMAm   g  1300.000  18.9100 .010 Pw84 1  0 1. 00
  2 4DMAm   g  1400.000  18.1500 .010 Pw84 1  0 1. 00
  2 4DMAm   g  1500.000  17.4300 .010 Pw84 1  0 1. 00
  2 4DMAm   g  1600.000  16.8000 .010 Pw84 1  0 1. 00
  2 4DMAm   g  1700.000  16.2100 .010 Pw84 1  0 1. 00
  2 4DMAm   g  1800.000  15.6600 .010 Pw84 1  0 1. 00
  2 4DMAm   g  1900.000  15.1500 .010 Pw84 1  0 1. 00
  2 4DMAm   g  2000.000  14.6800 .010 Pw84 1  0 1. 00
