  2 4DMDSv  g   300.000  30.7400 .010 OP81 1  0 1. 00
  2 4DMDSv  g   400.000  33.9000 .010 OP81 1  0 1. 00
  2 4DMDSv  g   500.000  35.1400 .010 OP81 1  0 1. 00
  2 4DMDSv  g   600.000  35.1400 .010 OP81 1  0 1. 00
  2 4DMDSv  g   700.000  34.4200 .010 OP81 1  0 1. 00
  2 4DMDSv  g   800.000  33.3500 .010 OP81 1  0 1. 00
  2 4DMDSv  g   900.000  32.1800 .010 OP81 1  0 1. 00
  2 4DMDSv  g  1000.000  31.0100 .010 OP81 1  0 1. 00
  2 4DMDSv  g  1100.000  29.7300 .010 OP81 1  0 1. 00
  2 4DMDSv  g  1200.000  28.5000 .010 OP81 1  0 1. 00
  2 4DMDSv  g  1300.000  27.3700 .010 OP81 1  0 1. 00
  2 4DMDSv  g  1400.000  26.3300 .010 OP81 1  0 1. 00
  2 4DMDSv  g  1500.000  25.3700 .010 OP81 1  0 1. 00
  2 4DMDSv  g  1600.000  24.4800 .010 OP81 1  0 1. 00
  2 4DMDSv  g  1700.000  23.6500 .010 OP81 1  0 1. 00
  2 4DMDSv  g  1800.000  22.8900 .010 OP81 1  0 1. 00
  2 4DMDSv  g  1900.000  22.1700 .010 OP81 1  0 1. 00
  2 4DMDSv  g  2000.000  21.5100 .010 OP81 1  0 1. 00
