  2 4DME    g   300.000  20.7600 .010 CB77 1  0 1. 00
  2 4DME    g   400.000  22.4900 .010 CB77 1  0 1. 00
  2 4DME    g   500.000  23.4800 .010 CB77 1  0 1. 00
  2 4DME    g   600.000  23.8800 .010 CB77 1  0 1. 00
  2 4DME    g   700.000  23.8300 .010 CB77 1  0 1. 00
  2 4DME    g   800.000  23.4900 .010 CB77 1  0 1. 00
  2 4DME    g   900.000  22.9200 .010 CB77 1  0 1. 00
  2 4DME    g  1000.000  22.2400 .010 CB77 1  0 1. 00
  2 4DME    g  1100.000  21.4800 .010 CB77 1  0 1. 00
  2 4DME    g  1200.000  20.6900 .010 CB77 1  0 1. 00
  2 4DME    g  1300.000  19.8800 .010 CB77 1  0 1. 00
  2 4DME    g  1400.000  19.1200 .010 CB77 1  0 1. 00
  2 4DME    g  1500.000  18.4200 .010 CB77 1  0 1. 00
  2 4DME    g  1600.000  17.7800 .010 CB77 1  0 1. 00
  2 4DME    g  1700.000  17.1800 .010 CB77 1  0 1. 00
  2 4DME    g  1800.000  16.6100 .010 CB77 1  0 1. 00
  2 4DME    g  1900.000  16.1000 .010 CB77 1  0 1. 00
  2 4DME    g  2000.000  15.6100 .010 CB77 1  0 1. 00
