  2 4DMSdv  g   300.000  25.7560 .004 Pw80 1  0 1. 00
  2 4DMSdv  g   400.000  28.1330 .004 Pw80 1  0 1. 00
  2 4DMSdv  g   500.000  29.1440 .004 Pw80 1  0 1. 00
  2 4DMSdv  g   600.000  29.2330 .004 Pw80 1  0 1. 00
  2 4DMSdv  g   700.000  28.7560 .004 Pw80 1  0 1. 00
  2 4DMSdv  g   800.000  27.9440 .004 Pw80 1  0 1. 00
  2 4DMSdv  g   900.000  27.0000 .004 Pw80 1  0 1. 00
  2 4DMSdv  g  1000.000  25.9890 .004 Pw80 1  0 1. 00
  2 4DMSdv  g  1100.000  24.9110 .004 Pw80 1  0 1. 00
  2 4DMSdv  g  1200.000  23.8330 .004 Pw80 1  0 1. 00
  2 4DMSdv  g  1300.000  22.8440 .004 Pw80 1  0 1. 00
  2 4DMSdv  g  1400.000  21.9330 .004 Pw80 1  0 1. 00
  2 4DMSdv  g  1500.000  21.1000 .004 Pw80 1  0 1. 00
  2 4DMSdv  g  1600.000  20.3330 .004 Pw80 1  0 1. 00
  2 4DMSdv  g  1700.000  19.6220 .004 Pw80 1  0 1. 00
  2 4DMSdv  g  1800.000  18.9780 .004 Pw80 1  0 1. 00
  2 4DMSdv  g  1900.000  18.3670 .004 Pw80 1  0 1. 00
  2 4DMSdv  g  2000.000  17.8000 .004 Pw80 1  0 1. 00
