  2 4DMSfv  g   300.000  28.0700 .004 Pw80 1  0 1. 00
  2 4DMSfv  g   400.000  29.9500 .004 Pw80 1  0 1. 00
  2 4DMSfv  g   500.000  31.1800 .004 Pw80 1  0 1. 00
  2 4DMSfv  g   600.000  31.8300 .004 Pw80 1  0 1. 00
  2 4DMSfv  g   700.000  32.0100 .004 Pw80 1  0 1. 00
  2 4DMSfv  g   800.000  31.7900 .004 Pw80 1  0 1. 00
  2 4DMSfv  g   900.000  31.2500 .004 Pw80 1  0 1. 00
  2 4DMSfv  g  1000.000  30.4800 .004 Pw80 1  0 1. 00
  2 4DMSfv  g  1200.000  28.5600 .004 Pw80 1  0 1. 00
  2 4DMSfv  g  1400.000  26.6000 .004 Pw80 1  0 1. 00
  2 4DMSfv  g  1600.000  24.8800 .004 Pw80 1  0 1. 00
  2 4DMSfv  g  1800.000  23.3800 .004 Pw80 1  0 1. 00
  2 4DMSfv  g  2000.000  22.0500 .004 Pw80 1  0 1. 00
