  2 4EtAm   g   300.000  20.4200 .010 Pw84 1  0 1. 00
  2 4EtAm   g   400.000  22.0300 .010 Pw84 1  0 1. 00
  2 4EtAm   g   500.000  22.8800 .010 Pw84 1  0 1. 00
  2 4EtAm   g   600.000  23.1500 .010 Pw84 1  0 1. 00
  2 4EtAm   g   700.000  23.0100 .010 Pw84 1  0 1. 00
  2 4EtAm   g   800.000  22.5900 .010 Pw84 1  0 1. 00
  2 4EtAm   g   900.000  22.0000 .010 Pw84 1  0 1. 00
  2 4EtAm   g  1000.000  21.3000 .010 Pw84 1  0 1. 00
  2 4EtAm   g  1100.000  20.5300 .010 Pw84 1  0 1. 00
  2 4EtAm   g  1200.000  19.6800 .010 Pw84 1  0 1. 00
  2 4EtAm   g  1300.000  18.8400 .010 Pw84 1  0 1. 00
  2 4EtAm   g  1400.000  18.0700 .010 Pw84 1  0 1. 00
  2 4EtAm   g  1500.000  17.3700 .010 Pw84 1  0 1. 00
  2 4EtAm   g  1600.000  16.7200 .010 Pw84 1  0 1. 00
  2 4EtAm   g  1700.000  16.1300 .010 Pw84 1  0 1. 00
  2 4EtAm   g  1800.000  15.5800 .010 Pw84 1  0 1. 00
  2 4EtAm   g  1900.000  15.0700 .010 Pw84 1  0 1. 00
  2 4EtAm   g  2000.000  14.5900 .010 Pw84 1  0 1. 00
