  2 4EthBv  g   300.000  28.4300 .010 BP79 1  0 1. 00
  2 4EthBv  g   400.000  30.5700 .010 BP79 1  0 1. 00
  2 4EthBv  g   500.000  31.7100 .010 BP79 1  0 1. 00
  2 4EthBv  g   600.000  32.1400 .010 BP79 1  0 1. 00
  2 4EthBv  g   700.000  31.9300 .010 BP79 1  0 1. 00
  2 4EthBv  g   800.000  31.3600 .010 BP79 1  0 1. 00
  2 4EthBv  g   900.000  30.5000 .010 BP79 1  0 1. 00
  2 4EthBv  g  1000.000  29.5700 .010 BP79 1  0 1. 00
  2 4EthBv  g  1100.000  28.5000 .010 BP79 1  0 1. 00
  2 4EthBv  g  1200.000  27.4300 .010 BP79 1  0 1. 00
  2 4EthBv  g  1300.000  26.3600 .010 BP79 1  0 1. 00
  2 4EthBv  g  1400.000  25.2900 .010 BP79 1  0 1. 00
  2 4EthBv  g  1500.000  24.2900 .010 BP79 1  0 1. 00
  2 4EthBv  g  1600.000  23.4300 .010 BP79 1  0 1. 00
  2 4EthBv  g  1700.000  22.5700 .010 BP79 1  0 1. 00
  2 4EthBv  g  1800.000  21.8600 .010 BP79 1  0 1. 00
  2 4EthBv  g  1900.000  21.1400 .010 BP79 1  0 1. 00
  2 4EthBv  g  2000.000  20.4300 .010 BP79 1  0 1. 00
