  2 4Ethcl  s  1500.000  17.5640 .020 Bj75 1  0 1. 00
  2 4Ethcl  s  2000.000  15.5900 .020 Bj75 1  0 1. 00
  2 4Ethcl  s  2500.000  14.0260 .020 Bj75 1  0 1. 00
  2 4Ethcl  s  3000.000  12.7440 .020 Bj75 1  0 1. 00
  2 4Ethcl  s  3500.000  11.6670 .020 Bj75 1  0 1. 00
  2 4Ethcl  s  4000.000  10.7440 .020 Bj75 1  0 1. 00
  2 4Ethcl  s  4500.000  10.0000 .020 Bj75 1  0 1. 00
  2 4Ethcl  s  5000.000   9.3080 .020 Bj75 1  0 1. 00
  2 4Ethcl  s  5500.000   8.7440 .020 Bj75 1  0 1. 00
  2 4Ethcl  s  6000.000   8.1280 .020 Bj75 1  0 1. 00
  2 4Ethcl  s  6500.000   7.7690 .020 Bj75 1  0 1. 00
  2 4Ethcl  s  7000.000   7.3590 .020 Bj75 1  0 1. 00
  2 4Ethcl  s  7500.000   7.0510 .020 Bj75 1  0 1. 00
  2 4Ethcl  s  8000.000   6.6670 .020 Bj75 1  0 1. 00
