  2 4EthO   g   300.000  23.5100 .009 CP78 1  0 1. 00
  2 4EthO   g   400.000  25.6300 .009 CP78 1  0 1. 00
  2 4EthO   g   500.000  26.7100 .009 CP78 1  0 1. 00
  2 4EthO   g   600.000  27.0700 .009 CP78 1  0 1. 00
  2 4EthO   g   700.000  26.9400 .009 CP78 1  0 1. 00
  2 4EthO   g   800.000  26.5000 .009 CP78 1  0 1. 00
  2 4EthO   g   900.000  25.9100 .009 CP78 1  0 1. 00
  2 4EthO   g  1000.000  25.2400 .009 CP78 1  0 1. 00
  2 4EthO   g  1100.000  24.5400 .009 CP78 1  0 1. 00
  2 4EthO   g  1200.000  23.7900 .009 CP78 1  0 1. 00
  2 4EthO   g  1300.000  22.9300 .009 CP78 1  0 1. 00
  2 4EthO   g  1400.000  22.0600 .009 CP78 1  0 1. 00
  2 4EthO   g  1500.000  21.2600 .009 CP78 1  0 1. 00
  2 4EthO   g  1600.000  20.5100 .009 CP78 1  0 1. 00
  2 4EthO   g  1700.000  19.8300 .009 CP78 1  0 1. 00
  2 4EthO   g  1800.000  19.1900 .009 CP78 1  0 1. 00
  2 4EthO   g  1900.000  18.5900 .009 CP78 1  0 1. 00
  2 4EthO   g  2000.000  18.0300 .009 CP78 1  0 1. 00
