  2 4EthSv  g   300.000  29.7290 .010 OP81 1  0 1. 00
  2 4EthSv  g   400.000  32.6570 .010 OP81 1  0 1. 00
  2 4EthSv  g   500.000  33.8430 .010 OP81 1  0 1. 00
  2 4EthSv  g   600.000  33.8860 .010 OP81 1  0 1. 00
  2 4EthSv  g   700.000  33.2570 .010 OP81 1  0 1. 00
  2 4EthSv  g   800.000  32.3000 .010 OP81 1  0 1. 00
  2 4EthSv  g   900.000  31.2290 .010 OP81 1  0 1. 00
  2 4EthSv  g  1000.000  30.1290 .010 OP81 1  0 1. 00
  2 4EthSv  g  1100.000  28.9570 .010 OP81 1  0 1. 00
  2 4EthSv  g  1200.000  27.7570 .010 OP81 1  0 1. 00
  2 4EthSv  g  1300.000  26.6430 .010 OP81 1  0 1. 00
  2 4EthSv  g  1400.000  25.6290 .010 OP81 1  0 1. 00
  2 4EthSv  g  1500.000  24.6860 .010 OP81 1  0 1. 00
  2 4EthSv  g  1600.000  23.8140 .010 OP81 1  0 1. 00
  2 4EthSv  g  1700.000  23.0140 .010 OP81 1  0 1. 00
  2 4EthSv  g  1800.000  22.2570 .010 OP81 1  0 1. 00
  2 4EthSv  g  1900.000  21.5710 .010 OP81 1  0 1. 00
  2 4EthSv  g  2000.000  20.9140 .010 OP81 1  0 1. 00
