385,9	53,80	A
449,0	54,70	A
524,5	55,90	A
590,0	55,50	A
661,9	54,20	A
735,9	52,80	A
794,6	52,30	A
831,9	54,50	A
876,0	51,90	A
957,8	52,10	A
1024	52,70	A
1099	50,90	A
1169	49,30	A
1260	50,40	A
1324	49,00	A
1396	49,00	A
1461	47,40	A
1552	47,30	A
1613	47,00	A
1701	46,90	A
1753	47,30	A
1848	45,00	A
1905	43,60	A
3179	36,32	B
3974	31,63	B
4768	28,11	B
5563	25,39	B
6358	23,20	B
7153	21,39	B
7947	19,88	B
8742	18,59	B
9537	17,48	B
10330	16,51	B
11130	15,66	B
11920	14,90	B
12720	14,21	B
13510	13,60	B
14310	13,04	B
15100	12,53	B
15890	12,07	B
16690	11,65	B
17480	11,26	B
18280	10,89	B
19070	10,55	B
19870	10,24	B
20660	9,942	B
21460	9,668	B
22250	9,401	B
600,0	60,03	C
700,0	60,03	C
800,0	60,03	C
900,0	59,58	C
950,0	59,13	C
1590	59,13	D
1650	54,65	D
1940	49,28	D
2280	44,17	D
3280	34,40	D
4440	28,67	D
4910	27,10	D
5510	25,53	D
7610	21,19	D
8390	18,55	D
4784	28,85	E
5155	27,82	E
5486	26,52	E
5805	25,53	E
6003	25,49	E
7687	21,32	E
28800	8,063	F
3516	33,35	G
3605	32,90	G
3670	32,60	G
66,71	34,23	H
67,00	35,27	H
77,17	36,88	H
85,95	39,62	H
86,94	39,04	H
93,66	40,58	H
95,04	41,66	H
97,24	42,09	H
99,67	42,08	H
104,5	42,77	H
107,3	43,36	H
114,5	46,19	H
117,8	45,46	H
122,4	47,13	H
132,6	49,50	H
135,4	49,49	H
139,6	50,18	H
145,2	50,92	H
152,9	51,32	H
159,5	51,49	H
169,1	52,76	H
173,8	52,95	H
178,1	53,23	H
180,1	54,17	H
40,02	28,00	I
60,03	32,50	I
80,04	36,50	I
100,1	40,00	I
120,1	42,00	I
140,1	45,00	I
160,1	48,00	I
180,1	50,00	I
200,1	51,50	I
220,1	53,00	I
240,1	54,00	I
260,1	56,00	I
280,1	58,00	I
1480	48,94	J
2635	40,23	J
3586	33,68	J
4316	30,31	J
5118	25,76	J
6436	23,07	J
6975	20,40	J
7519	22,10	J
8071	20,90	J
8579	19,15	J
178,3	60,46	K
281,9	58,40	K
312,7	58,02	K
444,2	61,11	K
468,6	58,93	K
560,4	57,34	K
591,7	57,82	K
727,5	57,99	K
744,0	56,46	K
818,1	55,04	K
868,0	53,74	K
993,8	54,02	K
1003	53,09	K
1119	51,23	K
1150	49,29	K
1263	51,73	K
1268	49,66	K
1397	49,48	K
1425	48,43	K
1549	46,73	K
1686	45,65	K
1705	44,79	K
1808	45,92	K
1824	43,53	K
1950	42,78	K
1978	42,84	K
2076	42,84	K
2085	40,39	K
813,0	60,87	L
868,4	58,81	L
905,4	57,20	L
1268	55,24	L
1309	52,68	L
1356	51,73	L
1388	50,71	L
1767	48,72	L
1788	47,19	L
1845	47,13	L
1870	47,94	L
74,00	33,71	M
75,72	31,40	M
83,94	35,25	M
93,81	37,15	M
96,31	37,69	M
104,1	38,66	M
111,9	39,45	M
113,0	40,71	M
123,9	41,74	M
134,4	43,78	M
141,1	46,86	M
144,7	46,38	M
152,5	47,30	M
161,9	47,45	M
172,1	46,70	M
183,4	50,07	M
191,8	52,17	M
192,2	48,88	M
203,1	49,80	M
211,1	51,59	M
212,1	51,06	M
300,0	55,10	N
350,0	56,00	N
400,0	57,34	N
500,0	58,24	N
600,0	59,13	N
700,0	59,13	N
800,0	58,24	N
900,0	56,89	N
1000	54,65	N
1200	51,96	N
1400	49,72	N
1600	47,93	N
1800	46,59	N
2000	44,80	N
24,00	17,70	O
40,00	26,00	O
60,00	31,70	O
80,00	36,40	O
100,0	40,90	O
120,0	44,70	O
132,0	45,70	O
265,4	54,20	P
331,8	56,89	P
398,2	58,24	P
464,5	59,13	P
530,9	59,58	P
597,3	59,58	P
663,6	59,58	P
730,0	59,13	P
796,3	58,68	P
862,7	58,24	P
929,1	57,34	P
995,4	56,89	P
1062	56,00	P
1128	55,10	P
1195	54,20	P
1261	53,31	P
1327	52,41	P
1394	51,96	P
1460	50,62	P
1526	50,17	P
1593	49,28	P
1659	48,38	P
1725	47,48	P
1792	47,04	P
1858	46,14	P
1925	45,69	P
1991	45,24	P
2057	44,80	P
2124	44,26	P
2190	43,59	P
2256	42,87	P
2323	42,20	P
2389	41,48	P
2455	40,76	P
2522	40,14	P
2588	39,56	P
2654	39,11	P
200,0	47,93	Q
250,0	54,20	Q
300,0	58,24	Q
350,0	60,48	Q
400,0	61,37	Q
450,0	61,82	Q
500,0	61,37	Q
550,0	60,92	Q
600,0	60,03	Q
650,0	59,58	Q
700,0	59,13	Q
750,0	58,68	Q
800,0	58,24	Q
850,0	57,34	Q
900,0	56,89	Q
950,0	56,44	Q
1000	55,55	Q
1050	55,10	Q
1100	54,20	Q
1150	53,76	Q
1200	53,31	Q
1250	52,86	Q
1300	52,41	Q
1350	51,96	Q
1400	51,52	Q
1450	50,62	Q
1500	50,17	Q
1550	49,72	Q
1600	49,28	Q
1650	48,83	Q
1700	48,38	Q
1750	47,48	Q
1800	47,04	Q
1850	46,59	Q
1900	45,69	Q
1950	45,24	Q
2000	44,80	Q
260,9	56,08	R
307,6	57,14	R
356,3	59,77	R
408,0	59,28	R
464,4	58,38	R
527,6	57,86	R
588,9	57,74	R
667,5	56,96	R
713,2	56,10	R
768,0	55,58	R
840,3	54,34	R
974,0	52,68	R
1045	51,65	R
191,9	49,36	S
205,8	51,93	S
238,2	52,98	S
284,7	56,51	S
305,5	57,93	S
337,2	59,40	S
379,0	60,99	S
396,7	59,40	S
438,1	59,58	S
490,3	58,65	S
563,8	58,36	S
660,9	58,53	S
773,5	56,87	S
856,5	56,02	S
945,7	54,24	S
1156	52,17	S
1219	53,19	T
1455	50,69	T
1757	48,38	T
2070	43,55	T
2334	39,44	T
2581	38,48	T
284,8	49,66	U
39,86	28,07	V
59,87	32,80	V
79,03	36,87	V
99,74	40,59	V
119,4	42,27	V
139,9	45,58	V
158,8	48,60	V
179,0	50,53	V
199,5	52,29	V
219,4	53,31	V
239,5	54,52	V
260,3	56,49	V
280,9	58,29	V
55,74	32,96	W
61,44	33,19	W
69,62	36,03	W
83,52	39,05	W
83,58	38,99	W
104,3	41,38	W
120,2	45,38	W
143,2	47,35	W
148,4	49,31	W
151,5	49,78	W
158,4	48,66	W
167,1	51,46	W
177,2	51,92	W
179,5	50,91	W
206,0	54,53	W
206,0	54,45	W
219,8	55,80	W
245,6	55,35	W
248,4	56,00	W
272,6	58,68	W
279,7	59,20	W
322,9	59,55	W
328,2	60,40	W
341,3	61,95	W
350,0	61,21	W
371,2	62,71	W
392,3	61,02	W
470,9	63,96	W
522,0	62,39	W
569,1	63,98	W
671,2	63,04	W
711,2	62,94	W
15,00	15,10	X
20,00	17,44	X
25,00	19,50	X
30,00	21,36	X
35,00	23,07	X
40,00	24,67	X
45,00	26,16	X
50,00	27,58	X
55,00	28,92	X
60,00	30,21	X
65,00	31,44	X
28320	8,800	Y
8191	19,64	Z
8194	19,79	a
28080	7,990	b
41,33	25,53	c
50,86	27,70	c
60,01	30,03	c
69,97	31,63	c
79,43	33,15	c
88,73	34,71	c
97,87	35,88	c
106,7	38,03	c
116,0	39,59	c
126,6	41,12	c
135,2	42,61	c
144,4	43,77	c
153,8	44,74	c
164,0	46,55	c
173,6	47,96	c
182,1	49,52	c
190,2	48,96	c
200,6	50,65	c
210,3	50,85	c
220,5	51,45	c
232,8	52,54	c
240,1	52,73	c
251,8	53,42	c
260,6	53,64	c
272,4	54,12	c
284,3	54,66	c
401,1	70,40	d
455,9	67,01	d
515,6	69,66	d
519,6	64,13	d
639,9	65,34	d
700,1	63,28	d
867,2	60,53	d
929,8	60,94	d
971,3	59,26	d
982,7	57,54	d
994,0	58,43	d
991,2	56,29	d
1017	56,74	d
1027	56,81	d
3356	35,21	e
4800	28,49	e
4808	28,22	e
5832	25,31	e
5836	25,13	e
8004	19,94	e
8780	19,13	e
9492	18,14	e
10470	17,34	e
66,00	30,90	f
90,00	34,90	f
138,0	41,10	f
186,0	47,20	f
284,0	54,60	f
65,22	30,90	g
89,72	34,90	g
136,1	41,10	g
183,9	47,20	g
280,6	54,60	g
41,51	28,42	h
44,69	29,40	h
48,11	30,40	h
51,80	31,43	h
55,77	32,49	h
60,04	33,57	h
64,64	34,69	h
69,59	35,83	h
74,92	36,99	h
80,66	38,18	h
86,84	39,39	h
93,49	40,62	h
100,7	41,87	h
108,4	43,14	h
116,7	44,41	h
125,6	45,69	h
135,2	46,98	h
145,6	48,26	h
156,7	49,54	h
168,7	50,81	h
181,7	52,06	h
195,6	53,28	h
210,6	54,47	h
226,7	55,62	h
244,0	56,72	h
262,7	57,77	h
282,9	58,76	h
304,5	59,67	h
327,9	60,51	h
353,0	61,25	h
380,0	61,91	h
409,1	62,46	h
440,5	62,90	h
474,2	63,23	h
510,5	63,44	h
549,6	63,54	h
591,7	63,51	h
637,1	63,35	h
685,9	63,07	h
738,4	62,67	h
52020	4,995	i
2000	44,30	j
2500	39,60	j
3000	35,80	j
3500	32,80	j
4000	30,30	j
4500	28,20	j
5000	26,50	j
5500	25,00	j
6000	23,70	j
6500	22,60	j
7000	21,50	j
5,340	9,780	k
6,000	10,26	k
7,000	11,11	k
8,000	11,82	k
9,000	12,53	k
10,00	13,26	k
15,00	16,40	k
20,00	18,80	k
30,00	22,73	k
40,00	25,95	k
50,00	28,75	k
60,00	31,10	k
70,00	33,31	k
80,00	35,20	k
90,00	36,75	k
100,0	38,45	k
120,0	41,20	k
140,0	43,60	k
160,0	45,70	k
180,0	47,75	k
200,0	49,57	k
206,6	50,54	k
308,0	60,90	l
387,0	62,10	l
473,0	62,10	l
565,0	61,70	l
664,0	60,70	l
764,0	59,50	l
858,0	58,30	l
969,0	57,00	l
1060	55,80	l
1200	54,20	l
1330	52,90	l
1440	51,60	l
1550	50,30	l
1690	48,80	l
1840	47,30	l
2010	45,70	l
2180	44,10	l
2380	42,50	l
2550	40,90	l
2770	39,50	l
3000	37,90	l
1000	56,38	m
1500	48,92	m
2000	43,11	m
2500	38,14	m
3000	34,82	m
3500	32,33	m
4000	30,35	m
4500	28,19	m
5000	26,37	m
5500	24,87	m
6000	23,21	m
1000	56,88	n
1500	49,08	n
2000	43,11	n
2500	38,64	n
3000	35,15	n
3500	32,50	n
4000	30,51	n
4500	28,19	n
5000	26,03	n
5500	24,38	n
6000	22,55	n
1,000	2,650	o
2,014	3,750	o
3,021	4,600	o
4,028	5,310	o
4,028	5,350	o
5,035	6,780	o
5,538	7,090	o
6,042	7,350	o
6,545	7,820	o
7,048	8,310	o
7,552	8,950	o
8,055	10,18	o
9,062	10,04	o
10,07	10,87	o
1500	50,23	p
1750	47,72	p
2000	45,48	p
2250	43,46	p
2500	41,58	p
2750	39,88	p
3000	38,31	p
3250	36,83	p
3500	35,48	p
3750	34,23	p
4000	33,07	p
4250	31,99	p
4500	30,96	p
4750	30,02	p
5000	29,12	p
400,0	59,68	q
800,0	57,17	q
1200	52,82	q
1600	48,57	q
2000	44,71	q
2400	41,35	q
2800	38,35	q
3200	35,66	q
3600	33,33	q
4000	31,23	q
4800	27,69	q
5600	24,87	q
6400	22,58	q
7200	20,74	q
820,0	56,91	r
910,3	55,89	r
1001	54,52	r
1102	53,32	r
1204	52,81	r
1294	50,76	r
1384	50,94	r
1486	49,06	r
1587	48,20	r
1677	47,01	r
1937	44,62	r
2128	43,26	r
2421	41,38	r
2512	39,67	r
2602	39,85	r
2703	39,00	r
