  2 4Hexe   l  1500.000  16.6670 .035 Pl73 1  0 1. 00
  2 4Hexe   l  2000.000  14.5000 .035 Pl73 1  0 1. 00
  2 4Hexe   l  2500.000  12.8890 .035 Pl73 1  0 1. 00
  2 4Hexe   l  3000.000  11.1670 .035 Pl73 1  0 1. 00
  2 4Hexe   l  3500.000   9.8890 .035 Pl73 1  0 1. 00
  2 4Hexe   l  4000.000   8.9440 .035 Pl73 1  0 1. 00
  2 4Hexe   l  4500.000   8.1110 .035 Pl73 1  0 1. 00
  2 4Hexe   l  5000.000   7.5000 .035 Pl73 1  0 1. 00
  2 4Hexe   l  5500.000   6.9440 .035 Pl73 1  0 1. 00
  2 4Hexe   l  6000.000   6.5560 .035 Pl73 1  0 1. 00
  2 4Hexe   l  6500.000   6.1670 .035 Pl73 1  0 1. 00
  2 4Hexe   l  7000.000   5.8330 .035 Pl73 1  0 1. 00
  2 4Hexe   l  7500.000   5.5560 .035 Pl73 1  0 1. 00
  2 4Hexe   l  8000.000   5.2780 .035 Pl73 1  0 1. 00
