  2 4Hexev  g  1000.000  21.6670 .035 Pl66 1  0 1. 00
  2 4Hexev  g  1500.000  19.8890 .035 Pl66 1  0 1. 00
  2 4Hexev  g  2000.000  16.5560 .035 Pl66 1  0 1. 00
  2 4Hexev  g  2500.000  13.2220 .035 Pl66 1  0 1. 00
  2 4Hexev  g  3000.000  11.8330 .035 Pl66 1  0 1. 00
  2 4Hexev  g  3500.000  10.7220 .035 Pl66 1  0 1. 00
  2 4Hexev  g  4000.000   9.7780 .035 Pl66 1  0 1. 00
  2 4Hexev  g  4500.000   8.7220 .035 Pl66 1  0 1. 00
  2 4Hexev  g  5000.000   7.7220 .035 Pl66 1  0 1. 00
  2 4Hexev  g  5500.000   7.4440 .035 Pl66 1  0 1. 00
  2 4Hexev  g  6000.000   7.0560 .035 Pl66 1  0 1. 00
  2 4Hexev  g  6500.000   6.6670 .035 Pl66 1  0 1. 00
  2 4Hexev  g  7000.000   6.2220 .035 Pl66 1  0 1. 00
  2 4Hexev  g  7500.000   5.7220 .035 Pl66 1  0 1. 00
  2 4Hexev  g  8000.000   5.3330 .035 Pl66 1  0 1. 00
