  2 4Hptyv  g   112.000  12.7630 .010 Ba84 2  0 1. 00
  2 4Hptyv  g   115.000  12.9840 .010 Ba84 2  0 1. 00
  2 4Hptyv  g   154.000  15.0530 .010 Ba84 2  0 1. 00
  2 4Hptyv  g   158.000  15.1470 .010 Ba84 2  0 1. 00
  2 4Hptyv  g   202.000  17.1370 .010 Ba84 2  0 1. 00
  2 4Hptyv  g   207.000  17.2680 .010 Ba84 2  0 1. 00
  2 4Hptyv  g   247.000  18.8260 .010 Ba84 2  0 1. 00
  2 4Hptyv  g   252.000  19.0050 .010 Ba84 2  0 1. 00
  2 4Hptyv  g   342.000  21.5740 .010 Ba84 2  0 1. 00
  2 4Hptyv  g   353.000  21.7840 .010 Ba84 2  0 1. 00
  2 4Hptyv  g   393.000  22.7790 .010 Ba84 2  0 1. 00
  2 4Hptyv  g   405.000  22.9790 .010 Ba84 2  0 1. 00
  2 4Hptyv  g   493.000  24.2320 .010 Ba84 2  0 1. 00
  2 4Hptyv  g   504.000  24.1580 .010 Ba84 2  0 1. 00
  2 4Hptyv  g   690.000  25.1260 .010 Ba84 2  0 1. 00
  2 4Hptyv  g   702.000  25.0890 .010 Ba84 2  0 1. 00
  2 4Hptyv  g   789.000  24.9210 .010 Ba84 2  0 1. 00
  2 4Hptyv  g   801.000  24.8160 .010 Ba84 2  0 1. 00
  2 4Hptyv  g   998.000  23.7050 .010 Ba84 2  0 1. 00
  2 4Hptyv  g  1012.000  23.3950 .010 Ba84 2  0 1. 00
