  2 4InN    s   352.053  75.3206 .070 BA11 1  0 1. 00
  2 4InN    s   385.059  76.3572 .070 BA11 1  0 1. 00
  2 4InN    s   490.591  79.2346 .070 BA11 1  0 1. 00
  2 4InN    s   625.560  80.9966 .070 BA11 1  0 1. 00
  2 4InN    s   760.267  80.9535 .070 BA11 1  0 1. 00
  2 4InN    s   894.880  80.1460 .070 BA11 1  0 1. 00
  2 4InN    s  1036.026  78.7131 .070 BA11 1  0 1. 00
  2 4InN    s  1167.277  76.8551 .070 BA11 1  0 1. 00
  2 4InN    s  1311.652  74.7673 .070 BA11 1  0 1. 00
  2 4InN    s  1442.904  72.8454 .070 BA11 1  0 1. 00
  2 4InN    s  1574.137  70.8456 .070 BA11 1  0 1. 00
  2 4InN    s  1688.980  69.1805 .070 BA11 1  0 1. 00
  2 4InN    s  1810.375  67.3413 .070 BA11 1  0 1. 00
  2 4InN    s  1925.237  65.7608 .070 BA11 1  0 1. 00
  2 4InN    s  2049.917  63.9820 .070 BA11 1  0 1. 00
  2 4InN    s  2187.740  62.1593 .070 BA11 1  0 1. 00
  2 4InN    s  2345.239  60.2024 .070 BA11 1  0 1. 00