  2 4InP    s    27.693  26.5660 .060 LH87 1  0 1. 00
  2 4InP    s    37.035  30.1050 .060 LH87 1  0 1. 00
  2 4InP    s    46.324  34.8210 .060 LH87 1  0 1. 00
  2 4InP    s    55.836  36.6780 .060 LH87 1  0 1. 00
  2 4InP    s    65.118  41.0370 .060 LH87 1  0 1. 00
  2 4InP    s    74.540  43.8620 .060 LH87 1  0 1. 00
  2 4InP    s    83.893  47.1020 .060 LH87 1  0 1. 00
  2 4InP    s    93.071  50.4790 .060 LH87 1  0 1. 00
  2 4InP    s   102.337  51.7650 .060 LH87 1  0 1. 00
  2 4InP    s   111.780  53.0500 .060 LH87 1  0 1. 00
  2 4InP    s   111.744  53.6770 .060 LH87 1  0 1. 00
  2 4InP    s   111.699  54.4420 .060 LH87 1  0 1. 00
  2 4InP    s   121.173  57.5370 .060 LH87 1  0 1. 00
  2 4InP    s   130.533  59.5160 .060 LH87 1  0 1. 00
  2 4InP    s   139.716  60.5180 .060 LH87 1  0 1. 00
  2 4InP    s   148.983  64.9330 .060 LH87 1  0 1. 00
  2 4InP    s   158.369  67.3960 .060 LH87 1  0 1. 00
  2 4InP    s   167.561  67.5610 .060 LH87 1  0 1. 00
