  2 4MAm    g   300.000  19.9570 .010 Pw84 1  0 1. 00
  2 4MAm    g   400.000  21.6430 .010 Pw84 1  0 1. 00
  2 4MAm    g   500.000  22.5570 .010 Pw84 1  0 1. 00
  2 4MAm    g   600.000  22.8710 .010 Pw84 1  0 1. 00
  2 4MAm    g   700.000  22.7570 .010 Pw84 1  0 1. 00
  2 4MAm    g   800.000  22.3430 .010 Pw84 1  0 1. 00
  2 4MAm    g   900.000  21.7570 .010 Pw84 1  0 1. 00
  2 4MAm    g  1000.000  21.0570 .010 Pw84 1  0 1. 00
  2 4MAm    g  1100.000  20.2860 .010 Pw84 1  0 1. 00
  2 4MAm    g  1200.000  19.4710 .010 Pw84 1  0 1. 00
  2 4MAm    g  1300.000  18.6570 .010 Pw84 1  0 1. 00
  2 4MAm    g  1400.000  17.9140 .010 Pw84 1  0 1. 00
  2 4MAm    g  1500.000  17.2290 .010 Pw84 1  0 1. 00
  2 4MAm    g  1600.000  16.6000 .010 Pw84 1  0 1. 00
  2 4MAm    g  1700.000  16.0290 .010 Pw84 1  0 1. 00
  2 4MAm    g  1800.000  15.4860 .010 Pw84 1  0 1. 00
  2 4MAm    g  1900.000  14.9860 .010 Pw84 1  0 1. 00
  2 4MAm    g  2000.000  14.5290 .010 Pw84 1  0 1. 00
