  2 4Nb2O5  s   362.369  61.9970 .060 ZW06 3  0 1. 00
  2 4Nb2O5  s   441.347  64.8752 .060 ZW06 3  0 1. 00
  2 4Nb2O5  s   531.940  67.2015 .060 ZW06 3  0 1. 00
  2 4Nb2O5  s   641.115  68.6998 .060 ZW06 3  0 1. 00
  2 4Nb2O5  s   743.322  69.2361 .060 ZW06 3  0 1. 00
  2 4Nb2O5  s   843.206  68.8096 .060 ZW06 3  0 1. 00
  2 4Nb2O5  s   947.735  67.6946 .060 ZW06 3  0 1. 00
  2 4Nb2O5  s  1047.619  66.4427 .060 ZW06 3  0 1. 00
  2 4Nb2O5  s  1135.889  65.1924 .060 ZW06 3  0 1. 00
  2 4Nb2O5  s  1226.481  63.8042 .060 ZW06 3  0 1. 00
  2 4Nb2O5  s  1307.782  62.1421 .060 ZW06 3  0 1. 00
  2 4Nb2O5  s  1382.114  61.3064 .060 ZW06 3  0 1. 00
  2 4Nb2O5  s  1465.738  59.5064 .060 ZW06 3  0 1. 00
  2 4Nb2O5  s  1554.007  58.1185 .060 ZW06 3  0 1. 00
  2 4Nb2O5  s  1632.985  56.7318 .060 ZW06 3  0 1. 00
  2 4Nb2O5  s  1711.963  55.3452 .060 ZW06 3  0 1. 00
  2 4Nb2O5  s  1811.847  53.2678 .060 ZW06 3  0 1. 00
  2 4Nb2O5  s  1876.887  52.8462 .060 ZW06 3  0 1. 00
