  2 4NE11   s   987.000  21.6880 .050 Gs77 1  0 1. 00
  2 4NE11   s  1408.000  19.7410 .050 Gs77 1  0 1. 00
  2 4NE11   s  1607.000  18.4210 .050 Gs77 1  0 1. 00
  2 4NE11   s  1785.000  17.0960 .050 Gs77 1  0 1. 00
  2 4NE11   s  1938.000  16.8700 .050 Gs77 1  0 1. 00
  2 4NE11   s  2389.000  14.0920 .050 Gs77 1  0 1. 00
  2 4NE11   s  2459.000  14.2630 .050 Gs77 1  0 1. 00
  2 4NE11   s  2527.000  14.0140 .050 Gs77 1  0 1. 00
  2 4NE11   s  2927.000  12.8620 .050 Gs77 1  0 1. 00
  2 4NE11   s  3028.000  12.8510 .050 Gs77 1  0 1. 00
  2 4NE11   s  3008.000  12.5790 .050 Gs77 1  0 1. 00
  2 4NE11   s  3354.000  11.8700 .050 Gs77 1  0 1. 00
  2 4NE11   s  3436.000  11.5870 .050 Gs77 1  0 1. 00
  2 4NE11   s  3395.000  11.3090 .050 Gs77 1  0 1. 00
  2 4NE11   s  3571.000  10.9370 .050 Gs77 1  0 1. 00
  2 4NE11   s  3788.000  10.9950 .050 Gs77 1  0 1. 00
  2 4NE11   s  3843.000  10.4750 .050 Gs77 1  0 1. 00
  2 4NE11   s  4192.000  10.1870 .050 Gs77 1  0 1. 00
  2 4NE11   s  4195.000   9.8070 .050 Gs77 1  0 1. 00
  2 4NE11   s  4560.000   9.4080 .050 Gs77 1  0 1. 00
  2 4NE11   s  4780.000   8.9710 .050 Gs77 1  0 1. 00
  2 4NE11   s  4922.000   8.4370 .050 Gs77 1  0 1. 00
  2 4NE11   s  5000.000   8.5340 .050 Gs77 1  0 1. 00
  2 4NE11   s  5117.000   8.4130 .050 Gs77 1  0 1. 00
  2 4NE11   s  5384.000   8.4080 .050 Gs77 1  0 1. 00
  2 4NE11   s  5473.000   8.2030 .050 Gs77 1  0 1. 00
