  2 4NH3    g   300.000  19.2000 .015 Bu71 1  0 1. 00
  2 4NH3    g   400.000  20.7000 .015 Bu71 1  0 1. 00
  2 4NH3    g   500.000  21.7500 .015 Bu71 1  0 1. 00
  2 4NH3    g   600.000  22.2000 .015 Bu71 1  0 1. 00
  2 4NH3    g   700.000  22.1250 .015 Bu71 1  0 1. 00
  2 4NH3    g   800.000  21.6000 .015 Bu71 1  0 1. 00
  2 4NH3    g   900.000  20.8750 .015 Bu71 1  0 1. 00
  2 4NH3    g  1000.000  20.1250 .015 Bu71 1  0 1. 00
  2 4NH3    g  1100.000  19.4500 .015 Bu71 1  0 1. 00
  2 4NH3    g  1200.000  18.7000 .015 Bu71 1  0 1. 00
  2 4NH3    g  1300.000  18.0750 .015 Bu71 1  0 1. 00
  2 4NH3    g  1400.000  17.4000 .015 Bu71 1  0 1. 00
  2 4NH3    g  1500.000  16.7500 .015 Bu71 1  0 1. 00
  2 4NH3    g  1600.000  16.1750 .015 Bu71 1  0 1. 00
  2 4NH3    g  1700.000  15.6000 .015 Bu71 1  0 1. 00
  2 4NH3    g  1800.000  15.0750 .015 Bu71 1  0 1. 00
  2 4NH3    g  1900.000  14.5000 .015 Bu71 1  0 1. 00
  2 4NH3    g  2000.000  14.0000 .015 Bu71 1  0 1. 00
