  2 4NO     s   117.600  24.2500 .015 Re87 1  0 1. 00
  2 4NO     s   146.880  28.2800 .015 Re87 1  0 1. 00
  2 4NO     s   197.350  32.6850 .015 Re87 1  0 1. 00
  2 4NO     s   254.710  36.6250 .015 Re87 1  0 1. 00
  2 4NO     s   290.600  39.2050 .015 Re87 1  0 1. 00
  2 4NO     s   347.440  41.4000 .015 Re87 1  0 1. 00
  2 4NO     s   399.630  43.6700 .015 Re87 1  0 1. 00
  2 4NO     s   496.350  46.0750 .015 Re87 1  0 1. 00
  2 4NO     s   590.650  48.1800 .015 Re87 1  0 1. 00
  2 4NO     s   700.480  47.3850 .015 Re87 1  0 1. 00
  2 4NO     s   789.580  47.7400 .015 Re87 1  0 1. 00
  2 4NO     s   897.010  46.7150 .015 Re87 1  0 1. 00
  2 4NO     s   988.200  46.2300 .015 Re87 1  0 1. 00
  2 4NO     s  1193.560  43.7300 .015 Re87 1  0 1. 00
  2 4NO     s  1216.910  43.4950 .015 Re87 1  0 1. 00
  2 4NO     s  1389.570  41.3100 .015 Re87 1  0 1. 00
  2 4NO     s  1590.250  38.8100 .015 Re87 1  0 1. 00
  2 4NO     s  1618.260  38.4950 .015 Re87 1  0 1. 00
  2 4NO     s  1793.220  36.1600 .015 Re87 1  0 1. 00
  2 4NO     s  1818.770  35.4650 .015 Re87 1  0 1. 00
  2 4NO     s  2001.000  33.9600 .015 Re87 1  0 1. 00
  2 4NO     s  2026.810  34.1050 .015 Re87 1  0 1. 00
  2 4NO     s  2201.810  31.9200 .015 Re87 1  0 1. 00
  2 4NO     s  2229.780  31.4550 .015 Re87 1  0 1. 00
  2 4NO     s  2402.860  30.7150 .015 Re87 1  0 1. 00
  2 4NO     s  2601.280  28.5200 .015 Re87 1  0 1. 00
  2 4NO     s  2629.300  28.2100 .015 Re87 1  0 1. 00
  2 4NO     s  2769.800  28.1650 .015 Re87 1  0 1. 00
  2 4NO     s  2804.860  27.9250 .015 Re87 1  0 1. 00
  2 4NO     s  2968.490  26.8850 .015 Re87 1  0 1. 00
  2 4NO     s  3008.250  26.7200 .015 Re87 1  0 1. 00
