  2 4Oct    l  5500.000   6.9000 .050 Hq85 1  0 1. 00
  2 4Oct    l  5250.000   7.1000 .050 Hq85 1  0 1. 00
  2 4Oct    l  5000.000   7.3270 .050 Hq85 1  0 1. 00
  2 4Oct    l  4750.000   7.5700 .050 Hq85 1  0 1. 00
  2 4Oct    l  4500.000   7.8500 .050 Hq85 1  0 1. 00
  2 4Oct    l  4250.000   8.1600 .050 Hq85 1  0 1. 00
  2 4Oct    l  4000.000   8.5100 .050 Hq85 1  0 1. 00
  2 4Oct    l  3750.000   8.9100 .050 Hq85 1  0 1. 00
  2 4Oct    l  3500.000   9.3700 .050 Hq85 1  0 1. 00
  2 4Oct    l  3250.000   9.9000 .050 Hq85 1  0 1. 00
  2 4Oct    l  3000.000  10.5200 .050 Hq85 1  0 1. 00
  2 4Oct    l  2750.000  11.2400 .050 Hq85 1  0 1. 00
  2 4Oct    l  2500.000  12.0800 .050 Hq85 1  0 1. 00
  2 4Oct    l  2250.000  13.0700 .050 Hq85 1  0 1. 00
  2 4Oct    l  2000.000  14.2000 .050 Hq85 1  0 1. 00
  2 4Oct    l  1750.000  15.5000 .050 Hq85 1  0 1. 00
  2 4Oct    l  1500.000  16.8900 .050 Hq85 1  0 1. 00
  2 4Oct    l  1250.000  18.2700 .050 Hq85 1  0 1. 00
  2 4Oct    l  1000.000  19.3500 .050 Hq85 1  0 1. 00
  2 4Oct    l   750.000  19.2700 .050 Hq85 1  0 1. 00
  2 4Oct    l   500.000  18.2600 .050 Hq85 1  0 1. 00
