  2 4Octv   g  5500.000   6.9800 .050 Hq85 1  0 1. 00
  2 4Octv   g  5250.000   7.1800 .050 Hq85 1  0 1. 00
  2 4Octv   g  5000.000   7.4000 .050 Hq85 1  0 1. 00
  2 4Octv   g  4750.000   7.6400 .050 Hq85 1  0 1. 00
  2 4Octv   g  4500.000   7.9100 .050 Hq85 1  0 1. 00
  2 4Octv   g  4250.000   8.2200 .050 Hq85 1  0 1. 00
  2 4Octv   g  4000.000   8.5700 .050 Hq85 1  0 1. 00
  2 4Octv   g  3750.000   8.9800 .050 Hq85 1  0 1. 00
  2 4Octv   g  3500.000   9.4400 .050 Hq85 1  0 1. 00
  2 4Octv   g  3250.000   9.9800 .050 Hq85 1  0 1. 00
  2 4Octv   g  3000.000  10.6200 .050 Hq85 1  0 1. 00
  2 4Octv   g  2750.000  11.3700 .050 Hq85 1  0 1. 00
  2 4Octv   g  2500.000  12.2600 .050 Hq85 1  0 1. 00
  2 4Octv   g  2250.000  13.3000 .050 Hq85 1  0 1. 00
  2 4Octv   g  2000.000  14.5200 .050 Hq85 1  0 1. 00
  2 4Octv   g  1750.000  15.9300 .050 Hq85 1  0 1. 00
  2 4Octv   g  1500.000  17.4800 .050 Hq85 1  0 1. 00
  2 4Octv   g  1250.000  19.0500 .050 Hq85 1  0 1. 00
  2 4Octv   g  1000.000  20.3200 .050 Hq85 1  0 1. 00
  2 4Octv   g   750.000  20.7200 .050 Hq85 1  0 1. 00
  2 4Octv   g   500.000  19.3700 .050 Hq85 1  0 1. 00
