  2 4PHB    s  2040.000  18.2270 .050 Hs10 1  0 1. 00
  2 4PHB    s  2320.000  16.6780 .050 Hs10 1  0 1. 00
  2 4PHB    s  2600.000  15.4870 .050 Hs10 1  0 1. 00
  2 4PHB    s  2880.000  14.5340 .050 Hs10 1  0 1. 00
  2 4PHB    s  3160.000  13.7000 .050 Hs10 1  0 1. 00
  2 4PHB    s  3400.000  12.9850 .050 Hs10 1  0 1. 00
  2 4PHB    s  3680.000  12.2700 .050 Hs10 1  0 1. 00
  2 4PHB    s  3960.000  11.6750 .050 Hs10 1  0 1. 00
  2 4PHB    s  4200.000  11.0790 .050 Hs10 1  0 1. 00
  2 4PHB    s  4480.000  10.7220 .050 Hs10 1  0 1. 00
  2 4PHB    s  4720.000  10.3640 .050 Hs10 1  0 1. 00
