  2 4Pliol  s    40.000  10.6124 .035 Ln59 1  0 1. 00
  2 4Pliol  s    50.000  11.8252 .035 Ln59 1  0 1. 00
  2 4Pliol  s    60.000  12.7348 .035 Ln59 1  0 1. 00
  2 4Pliol  s    70.000  13.5434 .035 Ln59 1  0 1. 00
  2 4Pliol  s    80.000  14.2509 .035 Ln59 1  0 1. 00
  2 4Pliol  s    90.000  14.9584 .035 Ln59 1  0 1. 00
  2 4Pliol  s   100.000  15.5648 .035 Ln59 1  0 1. 00
  2 4Pliol  s   120.000  16.7776 .035 Ln59 1  0 1. 00
  2 4Pliol  s   140.000  17.8894 .035 Ln59 1  0 1. 00
  2 4Pliol  s   160.000  18.9001 .035 Ln59 1  0 1. 00
  2 4Pliol  s   180.000  19.8097 .035 Ln59 1  0 1. 00
  2 4Pliol  s   200.000  20.7194 .035 Ln59 1  0 1. 00
  2 4Pliol  s   225.000  21.7300 .035 Ln59 1  0 1. 00
  2 4Pliol  s   250.000  22.7407 .035 Ln59 1  0 1. 00
  2 4Pliol  s   275.000  23.6504 .035 Ln59 1  0 1. 00
  2 4Pliol  s   300.000  24.5600 .035 Ln59 1  0 1. 00
  2 4Pliol  s   320.000  25.2675 .035 Ln59 1  0 1. 00
