  2 4Pntev  g  1000.000  21.2000 .035 Pl66 1  0 1. 00
  2 4Pntev  g  1500.000  18.2000 .035 Pl66 1  0 1. 00
  2 4Pntev  g  2000.000  14.5330 .035 Pl66 1  0 1. 00
  2 4Pntev  g  2500.000  12.2670 .035 Pl66 1  0 1. 00
  2 4Pntev  g  3000.000  11.2000 .035 Pl66 1  0 1. 00
  2 4Pntev  g  3500.000  10.4670 .035 Pl66 1  0 1. 00
  2 4Pntev  g  4000.000   9.6000 .035 Pl66 1  0 1. 00
  2 4Pntev  g  4500.000   8.6670 .035 Pl66 1  0 1. 00
  2 4Pntev  g  5000.000   7.6670 .035 Pl66 1  0 1. 00
  2 4Pntev  g  5500.000   7.2000 .035 Pl66 1  0 1. 00
  2 4Pntev  g  6000.000   6.9330 .035 Pl66 1  0 1. 00
  2 4Pntev  g  6500.000   6.6000 .035 Pl66 1  0 1. 00
  2 4Pntev  g  7000.000   6.2670 .035 Pl66 1  0 1. 00
  2 4Pntev  g  7500.000   5.8670 .035 Pl66 1  0 1. 00
  2 4Pntev  g  8000.000   5.5330 .035 Pl66 1  0 1. 00
