  2 4Pntov  g   300.000  21.9312 .010 CP78 2  0 1. 00
  2 4Pntov  g   400.000  23.8687 .010 CP78 2  0 1. 00
  2 4Pntov  g   500.000  24.9312 .010 CP78 2  0 1. 00
  2 4Pntov  g   600.000  25.3188 .010 CP78 2  0 1. 00
  2 4Pntov  g   700.000  25.2125 .010 CP78 2  0 1. 00
  2 4Pntov  g   800.000  24.7625 .010 CP78 2  0 1. 00
  2 4Pntov  g   900.000  24.0938 .010 CP78 2  0 1. 00
  2 4Pntov  g  1000.000  23.3000 .010 CP78 2  0 1. 00
  2 4Pntov  g  1100.000  22.4625 .010 CP78 2  0 1. 00
  2 4Pntov  g  1200.000  21.6250 .010 CP78 2  0 1. 00
  2 4Pntov  g  1300.000  20.8062 .010 CP78 2  0 1. 00
  2 4Pntov  g  1400.000  20.0000 .010 CP78 2  0 1. 00
  2 4Pntov  g  1500.000  19.2062 .010 CP78 2  0 1. 00
  2 4Pntov  g  1600.000  18.4750 .010 CP78 2  0 1. 00
  2 4Pntov  g  1700.000  17.8062 .010 CP78 2  0 1. 00
  2 4Pntov  g  1800.000  17.1875 .010 CP78 2  0 1. 00
  2 4Pntov  g  1900.000  16.6125 .010 CP78 2  0 1. 00
  2 4Pntov  g  2000.000  16.0812 .010 CP78 2  0 1. 00
