  2 4PolVT  s    40.000   9.6320 .030 Sr65 1  0 1. 00
  2 4PolVT  s    50.000  10.8420 .030 Sr65 1  0 1. 00
  2 4PolVT  s    60.000  11.8420 .030 Sr65 1  0 1. 00
  2 4PolVT  s    70.000  12.5790 .030 Sr65 1  0 1. 00
  2 4PolVT  s    80.000  13.3160 .030 Sr65 1  0 1. 00
  2 4PolVT  s    90.000  13.8950 .030 Sr65 1  0 1. 00
  2 4PolVT  s   100.000  14.5260 .030 Sr65 1  0 1. 00
  2 4PolVT  s   120.000  15.6840 .030 Sr65 1  0 1. 00
  2 4PolVT  s   140.000  16.6840 .030 Sr65 1  0 1. 00
  2 4PolVT  s   160.000  17.6320 .030 Sr65 1  0 1. 00
  2 4PolVT  s   180.000  18.5790 .030 Sr65 1  0 1. 00
  2 4PolVT  s   200.000  19.4210 .030 Sr65 1  0 1. 00
  2 4PolVT  s   225.000  20.3160 .030 Sr65 1  0 1. 00
  2 4PolVT  s   250.000  21.2110 .030 Sr65 1  0 1. 00
  2 4PolVT  s   275.000  21.8950 .030 Sr65 1  0 1. 00
  2 4PolVT  s   300.000  22.6840 .030 Sr65 1  0 1. 00
  2 4PolVT  s   325.000  23.3680 .030 Sr65 1  0 1. 00
  2 4PolVT  s   350.000  24.0530 .030 Sr65 1  0 1. 00
