  2 4Polye  s    35.000   7.6090 .035 Ln59 1  0 1. 00
  2 4Polye  s    40.000   8.3080 .035 Ln59 1  0 1. 00
  2 4Polye  s    50.000   9.4720 .035 Ln59 1  0 1. 00
  2 4Polye  s    60.000  10.3270 .035 Ln59 1  0 1. 00
  2 4Polye  s    70.000  11.1030 .035 Ln59 1  0 1. 00
  2 4Polye  s    80.000  11.8020 .035 Ln59 1  0 1. 00
  2 4Polye  s    90.000  12.4230 .035 Ln59 1  0 1. 00
  2 4Polye  s   100.000  12.9660 .035 Ln59 1  0 1. 00
  2 4Polye  s   120.000  14.0530 .035 Ln59 1  0 1. 00
  2 4Polye  s   140.000  14.9070 .035 Ln59 1  0 1. 00
  2 4Polye  s   160.000  15.7620 .035 Ln59 1  0 1. 00
  2 4Polye  s   180.000  16.4600 .035 Ln59 1  0 1. 00
  2 4Polye  s   200.000  17.2370 .035 Ln59 1  0 1. 00
  2 4Polye  s   225.000  18.0910 .035 Ln59 1  0 1. 00
  2 4Polye  s   250.000  18.8670 .035 Ln59 1  0 1. 00
  2 4Polye  s   275.000  19.5660 .035 Ln59 1  0 1. 00
  2 4Polye  s   300.000  20.2650 .035 Ln59 1  0 1. 00
  2 4Polye  s   320.000  20.8080 .035 Ln59 1  0 1. 00
