  2 4Propy  g  1000.000  24.8570 .035 Pl66 1  0 1. 00
  2 4Propy  g  1500.000  20.5710 .035 Pl66 1  0 1. 00
  2 4Propy  g  2000.000  17.0000 .035 Pl66 1  0 1. 00
  2 4Propy  g  2500.000  15.2860 .035 Pl66 1  0 1. 00
  2 4Propy  g  3000.000  13.8570 .035 Pl66 1  0 1. 00
  2 4Propy  g  3500.000  12.4290 .035 Pl66 1  0 1. 00
  2 4Propy  g  4000.000  10.8570 .035 Pl66 1  0 1. 00
  2 4Propy  g  4500.000  10.2860 .035 Pl66 1  0 1. 00
  2 4Propy  g  5000.000   9.5710 .035 Pl66 1  0 1. 00
  2 4Propy  g  5500.000   9.0000 .035 Pl66 1  0 1. 00
  2 4Propy  g  6000.000   8.3430 .035 Pl66 1  0 1. 00
  2 4Propy  g  6500.000   7.8860 .035 Pl66 1  0 1. 00
  2 4Propy  g  7000.000   7.3860 .035 Pl66 1  0 1. 00
  2 4Propy  g  7500.000   6.8570 .035 Pl66 1  0 1. 00
  2 4Propy  g  8000.000   6.3140 .035 Pl66 1  0 1. 00
