  2 4Prpov  g   300.000  22.2000 .009 CP78 1  0 1. 00
  2 4Prpov  g   400.000  24.3300 .009 CP78 1  0 1. 00
  2 4Prpov  g   500.000  25.4700 .009 CP78 1  0 1. 00
  2 4Prpov  g   600.000  25.8800 .009 CP78 1  0 1. 00
  2 4Prpov  g   700.000  25.7800 .009 CP78 1  0 1. 00
  2 4Prpov  g   800.000  25.3700 .009 CP78 1  0 1. 00
  2 4Prpov  g   900.000  24.7600 .009 CP78 1  0 1. 00
  2 4Prpov  g  1000.000  24.0800 .009 CP78 1  0 1. 00
  2 4Prpov  g  1100.000  23.3600 .009 CP78 1  0 1. 00
  2 4Prpov  g  1200.000  22.6200 .009 CP78 1  0 1. 00
  2 4Prpov  g  1300.000  21.8400 .009 CP78 1  0 1. 00
  2 4Prpov  g  1400.000  21.0100 .009 CP78 1  0 1. 00
  2 4Prpov  g  1500.000  20.2400 .009 CP78 1  0 1. 00
  2 4Prpov  g  1600.000  19.5300 .009 CP78 1  0 1. 00
  2 4Prpov  g  1700.000  18.8700 .009 CP78 1  0 1. 00
  2 4Prpov  g  1800.000  18.2600 .009 CP78 1  0 1. 00
  2 4Prpov  g  1900.000  17.6900 .009 CP78 1  0 1. 00
  2 4Prpov  g  2000.000  17.1600 .009 CP78 1  0 1. 00
