  2 4Prpsv  g   300.000  26.9900 .010 OP81 1  0 1. 00
  2 4Prpsv  g   400.000  29.6000 .010 OP81 1  0 1. 00
  2 4Prpsv  g   500.000  30.6800 .010 OP81 1  0 1. 00
  2 4Prpsv  g   600.000  30.7700 .010 OP81 1  0 1. 00
  2 4Prpsv  g   700.000  30.2700 .010 OP81 1  0 1. 00
  2 4Prpsv  g   800.000  29.4800 .010 OP81 1  0 1. 00
  2 4Prpsv  g   900.000  28.5800 .010 OP81 1  0 1. 00
  2 4Prpsv  g  1000.000  27.6300 .010 OP81 1  0 1. 00
  2 4Prpsv  g  1100.000  26.5500 .010 OP81 1  0 1. 00
  2 4Prpsv  g  1200.000  25.4300 .010 OP81 1  0 1. 00
  2 4Prpsv  g  1300.000  24.4000 .010 OP81 1  0 1. 00
  2 4Prpsv  g  1400.000  23.4500 .010 OP81 1  0 1. 00
  2 4Prpsv  g  1500.000  22.5800 .010 OP81 1  0 1. 00
  2 4Prpsv  g  1600.000  21.7700 .010 OP81 1  0 1. 00
  2 4Prpsv  g  1700.000  21.0200 .010 OP81 1  0 1. 00
  2 4Prpsv  g  1800.000  20.3300 .010 OP81 1  0 1. 00
  2 4Prpsv  g  1900.000  19.6900 .010 OP81 1  0 1. 00
  2 4Prpsv  g  2000.000  19.0900 .010 OP81 1  0 1. 00
