  2 4PSU    s   208.000  25.6700 .020 Mu97 1  0 1. 00
  2 4PSU    s   259.000  28.3400 .020 Mu97 1  0 1. 00
  2 4PSU    s   310.000  30.6600 .020 Mu97 1  0 1. 00
  2 4PSU    s   406.000  33.0700 .020 Mu97 1  0 1. 00
  2 4PSU    s   521.000  34.7100 .020 Mu97 1  0 1. 00
  2 4PSU    s   640.000  34.9700 .020 Mu97 1  0 1. 00
  2 4PSU    s   729.000  34.5400 .020 Mu97 1  0 1. 00
  2 4PSU    s   832.000  33.5900 .020 Mu97 1  0 1. 00
  2 4PSU    s   931.000  32.8100 .020 Mu97 1  0 1. 00
  2 4PSU    s  1019.000  31.8700 .020 Mu97 1  0 1. 00
  2 4PSU    s  1152.000  30.4900 .020 Mu97 1  0 1. 00
  2 4PSU    s  1245.000  29.2800 .020 Mu97 1  0 1. 00
  2 4PSU    s  1333.000  27.7300 .020 Mu97 1  0 1. 00
  2 4PSU    s  1436.000  26.7900 .020 Mu97 1  0 1. 00
  2 4PSU    s  1535.000  26.0100 .020 Mu97 1  0 1. 00
  2 4PSU    s  1594.000  25.5800 .020 Mu97 1  0 1. 00
  2 4PSU    s  1721.000  24.2900 .020 Mu97 1  0 1. 00
  2 4PSU    s  1908.000  22.5700 .020 Mu97 1  0 1. 00
  2 4PSU    s  1942.000  21.7900 .020 Mu97 1  0 1. 00
  2 4PSU    s  2032.000  22.2200 .020 Mu97 1  0 1. 00
  2 4PSU    s  2100.000  21.2700 .020 Mu97 1  0 1. 00
  2 4PSU    s  2184.000  20.4100 .020 Mu97 1  0 1. 00
  2 4PSU    s  2273.000  20.0700 .020 Mu97 1  0 1. 00
  2 4PSU    s  2337.000  19.3800 .020 Mu97 1  0 1. 00
  2 4PSU    s  2431.000  19.1200 .020 Mu97 1  0 1. 00
  2 4PSU    s  2485.000  18.9500 .020 Mu97 1  0 1. 00
  2 4PSU    s  2583.000  18.3400 .020 Mu97 1  0 1. 00
  2 4PSU    s  2642.000  17.4800 .020 Mu97 1  0 1. 00
  2 4PSU    s  2771.000  17.6600 .020 Mu97 1  0 1. 00
  2 4PSU    s  2825.000  17.4000 .020 Mu97 1  0 1. 00
  2 4PSU    s  2963.000  16.6200 .020 Mu97 1  0 1. 00
  2 4PSU    s  3156.000  15.5900 .020 Mu97 1  0 1. 00
