  2 4Rb     s    96.790  71.8900 .060 Ep94 1  0 1. 00
  2 4Rb     s   101.800  72.5200 .060 Ep94 1  0 1. 00
  2 4Rb     s   107.100  73.2200 .060 Ep94 1  0 1. 00
  2 4Rb     s   112.700  73.9900 .060 Ep94 1  0 1. 00
  2 4Rb     s   118.600  74.8300 .060 Ep94 1  0 1. 00
  2 4Rb     s   124.700  75.7300 .060 Ep94 1  0 1. 00
  2 4Rb     s   131.200  76.7000 .060 Ep94 1  0 1. 00
  2 4Rb     s   138.100  77.7500 .060 Ep94 1  0 1. 00
  2 4Rb     s   145.300  78.8700 .060 Ep94 1  0 1. 00
  2 4Rb     s   152.800  80.0600 .060 Ep94 1  0 1. 00
  2 4Rb     s   160.800  81.3200 .060 Ep94 1  0 1. 00
  2 4Rb     s   169.200  82.6600 .060 Ep94 1  0 1. 00
  2 4Rb     s   178.000  84.0700 .060 Ep94 1  0 1. 00
  2 4Rb     s   187.200  85.5600 .060 Ep94 1  0 1. 00
  2 4Rb     s   197.000  87.1300 .060 Ep94 1  0 1. 00
  2 4Rb     s   207.200  88.7700 .060 Ep94 1  0 1. 00
  2 4Rb     s   218.000  90.4900 .060 Ep94 1  0 1. 00
  2 4Rb     s   229.400  92.2900 .060 Ep94 1  0 1. 00
  2 4Rb     s   241.300  94.1500 .060 Ep94 1  0 1. 00
  2 4Rb     s   253.900  96.0800 .060 Ep94 1  0 1. 00
  2 4Rb     s   267.100  98.0800 .060 Ep94 1  0 1. 00
  2 4Rb     s   281.000 100.1000 .060 Ep94 1  0 1. 00
  2 4Rb     s   295.600 102.2000 .060 Ep94 1  0 1. 00
  2 4Rb     s   311.000 104.4000 .060 Ep94 1  0 1. 00
  2 4Rb     s   327.200 106.5000 .060 Ep94 1  0 1. 00
  2 4Rb     s   344.200 108.7000 .060 Ep94 1  0 1. 00
  2 4Rb     s   362.100 110.9000 .060 Ep94 1  0 1. 00
  2 4Rb     s   381.000 113.0000 .060 Ep94 1  0 1. 00
  2 4Rb     s   400.800 115.1000 .060 Ep94 1  0 1. 00
  2 4Rb     s   421.700 117.2000 .060 Ep94 1  0 1. 00
  2 4Rb     s   443.600 119.1000 .060 Ep94 1  0 1. 00
  2 4Rb     s   466.700 120.8000 .060 Ep94 1  0 1. 00
  2 4Rb     s   491.000 122.4000 .060 Ep94 1  0 1. 00
  2 4Rb     s   516.600 123.8000 .060 Ep94 1  0 1. 00
  2 4Rb     s   543.500 124.9000 .060 Ep94 1  0 1. 00
  2 4Rb     s   571.800 125.7000 .060 Ep94 1  0 1. 00
  2 4Rb     s   601.600 126.2000 .060 Ep94 1  0 1. 00
  2 4Rb     s   632.900 126.3000 .060 Ep94 1  0 1. 00
  2 4Rb     s   665.800 126.1000 .060 Ep94 1  0 1. 00
  2 4Rb     s   700.500 125.3000 .060 Ep94 1  0 1. 00
