  2 4Re     s    43.850  35.0900 .050 KT83 2  0 1. 00
  2 4Re     s    62.080  42.0500 .050 KT83 2  0 1. 00
  2 4Re     s    78.190  49.3400 .050 KT83 2  0 1. 00
  2 4Re     s    96.000  53.2000 .050 KT83 2  0 1. 00
  2 4Re     s   126.330  61.0700 .050 KT83 2  0 1. 00
  2 4Re     s   142.040  64.5800 .050 KT83 2  0 1. 00
  2 4Re     s   180.350  70.0800 .050 KT83 2  0 1. 00
  2 4Re     s   230.250  76.1500 .050 KT83 2  0 1. 00
  2 4Re     s   274.410  80.1400 .050 KT83 2  0 1. 00
  2 4Re     s   318.620  82.5700 .050 KT83 2  0 1. 00
