  2 4sf6    g   300.000  41.0430 .010 OP81 1  0 1. 00
  2 4sf6    g   400.000  44.5140 .010 OP81 1  0 1. 00
  2 4sf6    g   500.000  46.8430 .010 OP81 1  0 1. 00
  2 4sf6    g   600.000  48.3140 .010 OP81 1  0 1. 00
  2 4sf6    g   700.000  49.1430 .010 OP81 1  0 1. 00
  2 4sf6    g   800.000  49.4710 .010 OP81 1  0 1. 00
  2 4sf6    g   900.000  49.4570 .010 OP81 1  0 1. 00
  2 4sf6    g  1000.000  49.1570 .010 OP81 1  0 1. 00
  2 4sf6    g  1100.000  48.6290 .010 OP81 1  0 1. 00
  2 4sf6    g  1200.000  47.8860 .010 OP81 1  0 1. 00
  2 4sf6    g  1300.000  46.8570 .010 OP81 1  0 1. 00
  2 4sf6    g  1400.000  45.6860 .010 OP81 1  0 1. 00
  2 4sf6    g  1500.000  44.5140 .010 OP81 1  0 1. 00
  2 4sf6    g  1600.000  43.3860 .010 OP81 1  0 1. 00
  2 4sf6    g  1700.000  42.2860 .010 OP81 1  0 1. 00
  2 4sf6    g  1800.000  41.2290 .010 OP81 1  0 1. 00
  2 4sf6    g  1900.000  40.2290 .010 OP81 1  0 1. 00
  2 4sf6    g  2000.000  39.2710 .010 OP81 1  0 1. 00
