  2 4SO2    g   300.000  51.5000 .006 Pw80 1  0 1. 00
  2 4SO2    g   400.000  55.5300 .006 Pw80 1  0 1. 00
  2 4SO2    g   500.000  57.8000 .006 Pw80 1  0 1. 00
  2 4SO2    g   600.000  58.7700 .006 Pw80 1  0 1. 00
  2 4SO2    g   700.000  58.8000 .006 Pw80 1  0 1. 00
  2 4SO2    g   800.000  58.2000 .006 Pw80 1  0 1. 00
  2 4SO2    g   900.000  57.2000 .006 Pw80 1  0 1. 00
  2 4SO2    g  1000.000  56.0000 .006 Pw80 1  0 1. 00
  2 4SO2    g  1200.000  53.2300 .006 Pw80 1  0 1. 00
  2 4SO2    g  1400.000  50.0000 .006 Pw80 1  0 1. 00
  2 4SO2    g  1600.000  46.9300 .006 Pw80 1  0 1. 00
  2 4SO2    g  1800.000  44.2300 .006 Pw80 1  0 1. 00
  2 4SO2    g  2000.000  41.8300 .006 Pw80 1  0 1. 00
