  2 4Sr     s    79.460  62.1000 .050 Ep94 1  0 1. 00
  2 4Sr     s    84.020  63.3100 .050 Ep94 1  0 1. 00
  2 4Sr     s    88.840  64.5600 .050 Ep94 1  0 1. 00
  2 4Sr     s    93.940  65.8400 .050 Ep94 1  0 1. 00
  2 4Sr     s    99.330  67.1500 .050 Ep94 1  0 1. 00
  2 4Sr     s   105.000  68.4900 .050 Ep94 1  0 1. 00
  2 4Sr     s   111.100  69.8700 .050 Ep94 1  0 1. 00
  2 4Sr     s   117.400  71.2900 .050 Ep94 1  0 1. 00
  2 4Sr     s   124.200  72.7400 .050 Ep94 1  0 1. 00
  2 4Sr     s   131.300  74.2300 .050 Ep94 1  0 1. 00
  2 4Sr     s   138.800  75.7500 .050 Ep94 1  0 1. 00
  2 4Sr     s   146.800  77.3100 .050 Ep94 1  0 1. 00
  2 4Sr     s   155.200  78.9000 .050 Ep94 1  0 1. 00
  2 4Sr     s   164.100  80.5400 .050 Ep94 1  0 1. 00
  2 4Sr     s   173.500  82.2000 .050 Ep94 1  0 1. 00
  2 4Sr     s   183.500  83.9000 .050 Ep94 1  0 1. 00
  2 4Sr     s   194.000  85.6400 .050 Ep94 1  0 1. 00
  2 4Sr     s   205.200  87.4000 .050 Ep94 1  0 1. 00
  2 4Sr     s   216.900  89.2000 .050 Ep94 1  0 1. 00
  2 4Sr     s   229.400  91.0200 .050 Ep94 1  0 1. 00
  2 4Sr     s   242.500  92.8600 .050 Ep94 1  0 1. 00
  2 4Sr     s   256.500  94.7300 .050 Ep94 1  0 1. 00
  2 4Sr     s   271.200  96.6100 .050 Ep94 1  0 1. 00
  2 4Sr     s   286.700  98.4900 .050 Ep94 1  0 1. 00
  2 4Sr     s   303.200 100.4000 .050 Ep94 1  0 1. 00
  2 4Sr     s   320.600 102.3000 .050 Ep94 1  0 1. 00
  2 4Sr     s   339.000 104.1000 .050 Ep94 1  0 1. 00
  2 4Sr     s   358.400 106.0000 .050 Ep94 1  0 1. 00
  2 4Sr     s   379.000 107.8000 .050 Ep94 1  0 1. 00
  2 4Sr     s   400.800 109.6000 .050 Ep94 1  0 1. 00
  2 4Sr     s   423.800 111.3000 .050 Ep94 1  0 1. 00
  2 4Sr     s   448.100 113.0000 .050 Ep94 1  0 1. 00
  2 4Sr     s   473.800 114.5000 .050 Ep94 1  0 1. 00
  2 4Sr     s   501.000 116.0000 .050 Ep94 1  0 1. 00
  2 4Sr     s   529.700 117.3000 .050 Ep94 1  0 1. 00
  2 4Sr     s   560.100 118.6000 .050 Ep94 1  0 1. 00
  2 4Sr     s   592.300 119.6000 .050 Ep94 1  0 1. 00
  2 4Sr     s   626.300 120.5000 .050 Ep94 1  0 1. 00
  2 4Sr     s   662.200 121.2000 .050 Ep94 1  0 1. 00
  2 4Sr     s   700.200 121.7000 .050 Ep94 1  0 1. 00
