  2 4thph   g   300.000  32.1110 .010 OP81 1  0 1. 00
  2 4thph   g   400.000  34.8110 .010 OP81 1  0 1. 00
  2 4thph   g   500.000  36.0440 .010 OP81 1  0 1. 00
  2 4thph   g   600.000  36.2440 .010 OP81 1  0 1. 00
  2 4thph   g   700.000  35.7780 .010 OP81 1  0 1. 00
  2 4thph   g   800.000  34.9330 .010 OP81 1  0 1. 00
  2 4thph   g   900.000  33.9000 .010 OP81 1  0 1. 00
  2 4thph   g  1000.000  32.7780 .010 OP81 1  0 1. 00
  2 4thph   g  1100.000  31.6110 .010 OP81 1  0 1. 00
  2 4thph   g  1200.000  30.3560 .010 OP81 1  0 1. 00
  2 4thph   g  1300.000  29.1670 .010 OP81 1  0 1. 00
  2 4thph   g  1400.000  28.0780 .010 OP81 1  0 1. 00
  2 4thph   g  1500.000  27.0560 .010 OP81 1  0 1. 00
  2 4thph   g  1600.000  26.1220 .010 OP81 1  0 1. 00
  2 4thph   g  1700.000  25.2440 .010 OP81 1  0 1. 00
  2 4thph   g  1800.000  24.4440 .010 OP81 1  0 1. 00
  2 4thph   g  1900.000  23.6890 .010 OP81 1  0 1. 00
  2 4thph   g  2000.000  22.9780 .010 OP81 1  0 1. 00
