  2 4TiNO   s  2111.000  45.0000 .060 CF00 1  0 1. 00
  2 4TiNO   s  2017.000  44.6000 .060 CF00 1  0 1. 00
  2 4TiNO   s  1922.000  46.4000 .060 CF00 1  0 1. 00
  2 4TiNO   s  1903.000  47.2000 .060 CF00 1  0 1. 00
  2 4TiNO   s  1827.000  45.6000 .060 CF00 1  0 1. 00
  2 4TiNO   s  1816.000  48.2000 .060 CF00 1  0 1. 00
  2 4TiNO   s  1735.000  48.9000 .060 CF00 1  0 1. 00
  2 4TiNO   s  1730.000  46.4000 .060 CF00 1  0 1. 00
  2 4TiNO   s  1645.000  49.2000 .060 CF00 1  0 1. 00
  2 4TiNO   s  1636.000  49.7000 .060 CF00 1  0 1. 00
  2 4TiNO   s  1560.000  52.4000 .060 CF00 1  0 1. 00
  2 4TiNO   s  1544.000  51.5000 .060 CF00 1  0 1. 00
  2 4TiNO   s  1532.000  53.8000 .060 CF00 1  0 1. 00
  2 4TiNO   s  1463.000  53.1000 .060 CF00 1  0 1. 00
  2 4TiNO   s  1445.000  51.3000 .060 CF00 1  0 1. 00
  2 4TiNO   s  1389.000  56.1000 .060 CF00 1  0 1. 00
  2 4TiNO   s  1313.000  55.4000 .060 CF00 1  0 1. 00
  2 4TiNO   s  1260.000  60.7000 .060 CF00 1  0 1. 00
  2 4TiNO   s  1252.000  58.6000 .060 CF00 1  0 1. 00
  2 4TiNO   s  1246.000  54.1000 .060 CF00 1  0 1. 00
  2 4TiNO   s  1199.000  60.5000 .060 CF00 1  0 1. 00
  2 4TiNO   s  1176.000  58.9000 .060 CF00 1  0 1. 00
  2 4TiNO   s  1150.000  57.4000 .060 CF00 1  0 1. 00
  2 4TiNO   s  1140.000  55.9000 .060 CF00 1  0 1. 00
  2 4TiNO   s  1135.000  62.0000 .060 CF00 1  0 1. 00
  2 4TiNO   s  1075.000  61.1000 .060 CF00 1  0 1. 00
  2 4TiNO   s  1056.000  58.5000 .060 CF00 1  0 1. 00
  2 4TiNO   s  1036.000  57.9000 .060 CF00 1  0 1. 00
  2 4TiNO   s  1036.000  58.3000 .060 CF00 1  0 1. 00
  2 4TiNO   s  1016.000  61.1000 .060 CF00 1  0 1. 00
  2 4TiNO   s   959.000  62.1000 .060 CF00 1  0 1. 00
  2 4TiNO   s   954.000  60.9000 .060 CF00 1  0 1. 00
  2 4TiNO   s   904.000  62.7000 .060 CF00 1  0 1. 00
  2 4TiNO   s   875.000  63.9000 .060 CF00 1  0 1. 00
  2 4TiNO   s   842.000  62.8000 .060 CF00 1  0 1. 00
  2 4TiNO   s   813.000  67.2000 .060 CF00 1  0 1. 00
  2 4TiNO   s   749.000  66.5000 .060 CF00 1  0 1. 00
  2 4TiNO   s   715.000  62.1000 .060 CF00 1  0 1. 00
  2 4TiNO   s   655.000  65.3000 .060 CF00 1  0 1. 00
  2 4TiNO   s   599.000  66.3000 .060 CF00 1  0 1. 00
  2 4TiNO   s   542.000  64.0000 .060 CF00 1  0 1. 00
  2 4TiNO   s   438.000  60.8000 .060 CF00 1  0 1. 00
  2 4TiNO   s   377.000  60.0000 .060 CF00 1  0 1. 00
  2 4TiNO   s   326.000  55.6000 .060 CF00 1  0 1. 00
  2 4TiNO   s   276.000  53.1000 .060 CF00 1  0 1. 00
  2 4TiNO   s   230.000  43.9000 .060 CF00 1  0 1. 00
