  2 4tmam   g   300.000  19.6380 .010 Pw84 1  0 1. 00
  2 4tmam   g   400.000  21.6150 .010 Pw84 1  0 1. 00
  2 4tmam   g   500.000  22.6850 .010 Pw84 1  0 1. 00
  2 4tmam   g   600.000  23.0540 .010 Pw84 1  0 1. 00
  2 4tmam   g   700.000  22.9380 .010 Pw84 1  0 1. 00
  2 4tmam   g   800.000  22.4920 .010 Pw84 1  0 1. 00
  2 4tmam   g   900.000  21.8460 .010 Pw84 1  0 1. 00
  2 4tmam   g  1000.000  21.1000 .010 Pw84 1  0 1. 00
  2 4tmam   g  1100.000  20.3150 .010 Pw84 1  0 1. 00
  2 4tmam   g  1200.000  19.5230 .010 Pw84 1  0 1. 00
  2 4tmam   g  1300.000  18.7310 .010 Pw84 1  0 1. 00
  2 4tmam   g  1400.000  17.9920 .010 Pw84 1  0 1. 00
  2 4tmam   g  1500.000  17.3150 .010 Pw84 1  0 1. 00
  2 4tmam   g  1600.000  16.6920 .010 Pw84 1  0 1. 00
  2 4tmam   g  1700.000  16.1150 .010 Pw84 1  0 1. 00
  2 4tmam   g  1800.000  15.5850 .010 Pw84 1  0 1. 00
  2 4tmam   g  1900.000  15.0850 .010 Pw84 1  0 1. 00
  2 4tmam   g  2000.000  14.6230 .010 Pw84 1  0 1. 00
