  2 4tmsv   g   300.000  26.8300 .010 OP81 1  0 1. 00
  2 4tmsv   g   400.000  29.5600 .010 OP81 1  0 1. 00
  2 4tmsv   g   500.000  30.6800 .010 OP81 1  0 1. 00
  2 4tmsv   g   600.000  30.7600 .010 OP81 1  0 1. 00
  2 4tmsv   g   700.000  30.2600 .010 OP81 1  0 1. 00
  2 4tmsv   g   800.000  29.4900 .010 OP81 1  0 1. 00
  2 4tmsv   g   900.000  28.6200 .010 OP81 1  0 1. 00
  2 4tmsv   g  1000.000  27.7100 .010 OP81 1  0 1. 00
  2 4tmsv   g  1100.000  26.6500 .010 OP81 1  0 1. 00
  2 4tmsv   g  1200.000  25.5100 .010 OP81 1  0 1. 00
  2 4tmsv   g  1300.000  24.4700 .010 OP81 1  0 1. 00
  2 4tmsv   g  1400.000  23.5100 .010 OP81 1  0 1. 00
  2 4tmsv   g  1500.000  22.6300 .010 OP81 1  0 1. 00
  2 4tmsv   g  1600.000  21.8100 .010 OP81 1  0 1. 00
  2 4tmsv   g  1700.000  21.0600 .010 OP81 1  0 1. 00
  2 4tmsv   g  1800.000  20.3600 .010 OP81 1  0 1. 00
  2 4tmsv   g  1900.000  19.7200 .010 OP81 1  0 1. 00
  2 4tmsv   g  2000.000  19.1100 .010 OP81 1  0 1. 00
