  2 4Tolv   g   300.000  24.9300 .010 BP79 1  0 1. 00
  2 4Tolv   g   400.000  26.9300 .010 BP79 1  0 1. 00
  2 4Tolv   g   500.000  28.0000 .010 BP79 1  0 1. 00
  2 4Tolv   g   600.000  28.3300 .010 BP79 1  0 1. 00
  2 4Tolv   g   700.000  28.1300 .010 BP79 1  0 1. 00
  2 4Tolv   g   800.000  27.6700 .010 BP79 1  0 1. 00
  2 4Tolv   g   900.000  26.9300 .010 BP79 1  0 1. 00
  2 4Tolv   g  1000.000  26.1300 .010 BP79 1  0 1. 00
  2 4Tolv   g  1100.000  25.0700 .010 BP79 1  0 1. 00
  2 4Tolv   g  1200.000  24.0700 .010 BP79 1  0 1. 00
  2 4Tolv   g  1300.000  23.0700 .010 BP79 1  0 1. 00
  2 4Tolv   g  1400.000  22.2000 .010 BP79 1  0 1. 00
  2 4Tolv   g  1500.000  21.3300 .010 BP79 1  0 1. 00
  2 4Tolv   g  1600.000  20.6000 .010 BP79 1  0 1. 00
  2 4Tolv   g  1700.000  19.8700 .010 BP79 1  0 1. 00
  2 4Tolv   g  1800.000  19.2700 .010 BP79 1  0 1. 00
  2 4Tolv   g  1900.000  18.6000 .010 BP79 1  0 1. 00
  2 4Tolv   g  2000.000  18.0700 .010 BP79 1  0 1. 00
