  2 4VMet   g   300.000  23.0700 .009 CP78 1  0 1. 00
  2 4VMet   g   400.000  25.1400 .009 CP78 1  0 1. 00
  2 4VMet   g   500.000  26.2300 .009 CP78 1  0 1. 00
  2 4VMet   g   600.000  26.6000 .009 CP78 1  0 1. 00
  2 4VMet   g   700.000  26.4700 .009 CP78 1  0 1. 00
  2 4VMet   g   800.000  26.0100 .009 CP78 1  0 1. 00
  2 4VMet   g   900.000  25.3500 .009 CP78 1  0 1. 00
  2 4VMet   g  1000.000  24.6000 .009 CP78 1  0 1. 00
  2 4VMet   g  1100.000  23.8100 .009 CP78 1  0 1. 00
  2 4VMet   g  1200.000  23.0000 .009 CP78 1  0 1. 00
  2 4VMet   g  1300.000  22.1600 .009 CP78 1  0 1. 00
  2 4VMet   g  1400.000  21.3000 .009 CP78 1  0 1. 00
  2 4VMet   g  1500.000  20.5000 .009 CP78 1  0 1. 00
  2 4VMet   g  1600.000  19.7700 .009 CP78 1  0 1. 00
  2 4VMet   g  1700.000  19.0900 .009 CP78 1  0 1. 00
  2 4VMet   g  1800.000  18.4600 .009 CP78 1  0 1. 00
  2 4VMet   g  1900.000  17.8800 .009 CP78 1  0 1. 00
  2 4VMet   g  2000.000  17.3300 .009 CP78 1  0 1. 00
