  2 4Vyns   s   218.300  25.4500 .015 Mu96 1  0 1. 00
  2 4Vyns   s   213.400  25.9300 .015 Mu96 1  0 1. 00
  2 4Vyns   s   280.100  27.9300 .015 Mu96 1  0 1. 00
  2 4Vyns   s   270.400  28.3400 .015 Mu96 1  0 1. 00
  2 4Vyns   s   327.600  30.0700 .015 Mu96 1  0 1. 00
  2 4Vyns   s   313.100  30.3100 .015 Mu96 1  0 1. 00
  2 4Vyns   s   356.300  30.5800 .015 Mu96 1  0 1. 00
  2 4Vyns   s   303.400  30.9800 .015 Mu96 1  0 1. 00
  2 4Vyns   s   360.900  31.3900 .015 Mu96 1  0 1. 00
  2 4Vyns   s   399.300  31.3900 .015 Mu96 1  0 1. 00
  2 4Vyns   s   384.800  31.7400 .015 Mu96 1  0 1. 00
  2 4Vyns   s   403.900  32.1200 .015 Mu96 1  0 1. 00
  2 4Vyns   s   466.200  32.3400 .015 Mu96 1  0 1. 00
  2 4Vyns   s   447.000  32.6100 .015 Mu96 1  0 1. 00
  2 4Vyns   s   518.900  32.7500 .015 Mu96 1  0 1. 00
  2 4Vyns   s   504.400  33.0700 .015 Mu96 1  0 1. 00
  2 4Vyns   s   571.600  33.1800 .015 Mu96 1  0 1. 00
  2 4Vyns   s   610.100  32.8300 .015 Mu96 1  0 1. 00
  2 4Vyns   s   634.000  33.1300 .015 Mu96 1  0 1. 00
  2 4Vyns   s   653.300  32.8600 .015 Mu96 1  0 1. 00
  2 4Vyns   s   720.500  32.7000 .015 Mu96 1  0 1. 00
  2 4Vyns   s   711.000  32.4800 .015 Mu96 1  0 1. 00
  2 4Vyns   s   739.800  32.3500 .015 Mu96 1  0 1. 00
  2 4Vyns   s   787.900  32.0800 .015 Mu96 1  0 1. 00
  2 4Vyns   s   802.400  31.8100 .015 Mu96 1  0 1. 00
  2 4Vyns   s   845.600  31.7600 .015 Mu96 1  0 1. 00
  2 4Vyns   s   864.800  31.4600 .015 Mu96 1  0 1. 00
  2 4Vyns   s   869.700  31.1600 .015 Mu96 1  0 1. 00
  2 4Vyns   s   903.300  31.0500 .015 Mu96 1  0 1. 00
  2 4Vyns   s   937.000  30.7900 .015 Mu96 1  0 1. 00
  2 4Vyns   s   941.900  30.4600 .015 Mu96 1  0 1. 00
  2 4Vyns   s   980.400  30.0800 .015 Mu96 1  0 1. 00
  2 4Vyns   s  1023.700  29.7900 .015 Mu96 1  0 1. 00
  2 4Vyns   s  1023.700  29.4600 .015 Mu96 1  0 1. 00
  2 4Vyns   s  1052.600  29.3000 .015 Mu96 1  0 1. 00
  2 4Vyns   s  1057.500  28.9500 .015 Mu96 1  0 1. 00
  2 4Vyns   s  1091.100  28.6800 .015 Mu96 1  0 1. 00
  2 4Vyns   s  1182.400  28.2000 .015 Mu96 1  0 1. 00
  2 4Vyns   s  1134.500  28.0900 .015 Mu96 1  0 1. 00
  2 4Vyns   s  1177.700  27.7900 .015 Mu96 1  0 1. 00
  2 4Vyns   s  1206.600  27.4400 .015 Mu96 1  0 1. 00
  2 4Vyns   s  1254.700  27.0700 .015 Mu96 1  0 1. 00
  2 4Vyns   s  1307.600  26.8500 .015 Mu96 1  0 1. 00
  2 4Vyns   s  1336.400  26.6100 .015 Mu96 1  0 1. 00
  2 4Vyns   s  1365.400  26.0200 .015 Mu96 1  0 1. 00
  2 4Vyns   s  1408.600  25.7200 .015 Mu96 1  0 1. 00
  2 4Vyns   s  1427.900  25.4500 .015 Mu96 1  0 1. 00
  2 4Vyns   s  1495.200  25.0000 .015 Mu96 1  0 1. 00
  2 4Vyns   s  1533.700  24.8100 .015 Mu96 1  0 1. 00
  2 4Vyns   s  1529.000  24.4300 .015 Mu96 1  0 1. 00
  2 4Vyns   s  1596.300  24.0800 .015 Mu96 1  0 1. 00
  2 4Vyns   s  1625.200  23.4600 .015 Mu96 1  0 1. 00
  2 4Vyns   s  1663.600  23.3000 .015 Mu96 1  0 1. 00
  2 4Vyns   s  1745.300  22.8700 .015 Mu96 1  0 1. 00
  2 4Vyns   s  1803.000  22.4700 .015 Mu96 1  0 1. 00
  2 4Vyns   s  1855.900  22.2000 .015 Mu96 1  0 1. 00
  2 4Vyns   s  1880.000  21.8200 .015 Mu96 1  0 1. 00
  2 4Vyns   s  1923.300  21.4200 .015 Mu96 1  0 1. 00
  2 4Vyns   s  1985.800  21.2000 .015 Mu96 1  0 1. 00
  2 4Vyns   s  2005.100  20.8000 .015 Mu96 1  0 1. 00
  2 4Vyns   s  2115.600  20.2900 .015 Mu96 1  0 1. 00
  2 4Vyns   s  2182.800  20.0700 .015 Mu96 1  0 1. 00
  2 4Vyns   s  2269.300  19.7500 .015 Mu96 1  0 1. 00
  2 4Vyns   s  2307.800  19.3500 .015 Mu96 1  0 1. 00
  2 4Vyns   s  2408.700  18.8400 .015 Mu96 1  0 1. 00
  2 4Vyns   s  2466.400  18.7000 .015 Mu96 1  0 1. 00
  2 4Vyns   s  2600.900  18.3000 .015 Mu96 1  0 1. 00
  2 4Vyns   s  2625.000  17.9000 .015 Mu96 1  0 1. 00
  2 4Vyns   s  2649.100  17.4900 .015 Mu96 1  0 1. 00
  2 4Vyns   s  2778.700  17.4200 .015 Mu96 1  0 1. 00
  2 4Vyns   s  2970.800  16.8000 .015 Mu96 1  0 1. 00
  2 4Vyns   s  3009.200  16.8300 .015 Mu96 1  0 1. 00
