  2 4ZnSe   s   356.000  67.1000 .040 Vk97 1  0 1. 00
  2 4ZnSe   s   400.000  71.0000 .040 Vk97 1  0 1. 00
  2 4ZnSe   s   445.000  72.8000 .040 Vk97 1  0 1. 00
  2 4ZnSe   s   489.000  73.3000 .040 Vk97 1  0 1. 00
  2 4ZnSe   s   534.000  79.5000 .040 Vk97 1  0 1. 00
  2 4ZnSe   s   578.000  79.8000 .040 Vk97 1  0 1. 00
  2 4ZnSe   s   712.000  80.3000 .040 Vk97 1  0 1. 00
  2 4ZnSe   s   889.000  79.9000 .040 Vk97 1  0 1. 00
  2 4ZnSe   s  1067.000  77.0000 .040 Vk97 1  0 1. 00
  2 4ZnSe   s  1245.000  75.6000 .040 Vk97 1  0 1. 00
  2 4ZnSe   s  1334.000  75.8000 .040 Vk97 1  0 1. 00
  2 4ZnSe   s  1423.000  76.8000 .040 Vk97 1  0 1. 00
  2 4ZnSe   s  1601.000  72.5000 .040 Vk97 1  0 1. 00
  2 4ZnSe   s  1779.000  68.6000 .040 Vk97 1  0 1. 00
  2 4ZnSe   s  1957.000  66.8000 .040 Vk97 1  0 1. 00
  2 4ZnSe   s  2134.000  66.4000 .040 Vk97 1  0 1. 00
  2 4ZnSe   s  2223.000  62.5000 .040 Vk97 1  0 1. 00
