  2 4ZrO2   s   467.500   0.9924 .040 ZW09 1  0 1. 00
  2 4ZrO2   s   658.900   1.1000 .040 ZW09 1  0 1. 00
  2 4ZrO2   s   783.500   1.0380 .040 ZW09 1  0 1. 00
  2 4ZrO2   s   958.000   1.0360 .040 ZW09 1  0 1. 00
  2 4ZrO2   s  1174.000   1.0220 .040 ZW09 1  0 1. 00
  2 4ZrO2   s  1340.000   0.9477 .040 ZW09 1  0 1. 00
  2 4ZrO2   s  1506.000   0.9339 .040 ZW09 1  0 1. 00
  2 4ZrO2   s  1689.000   0.7985 .040 ZW09 1  0 1. 00
  2 4ZrO2   s  1847.000   0.8456 .040 ZW09 1  0 1. 00
  2 4ZrO2   s  1930.000   0.7840 .040 ZW09 1  0 1. 00
  2 4ZrO2   s  2079.000   0.7461 .040 ZW09 1  0 1. 00
  2 4ZrO2   s  2221.000   0.6597 .040 ZW09 1  0 1. 00
  2 4ZrO2   s  2387.000   0.7432 .040 ZW09 1  0 1. 00
  2 4ZrO2   s  2578.000   0.6077 .040 ZW09 1  0 1. 00
  2 4ZrO2   s  2786.000   0.6908 .040 ZW09 1  0 1. 00
  2 4ZrO2   s  2919.000   0.5315 .040 ZW09 1  0 1. 00
