#   nzt =   1
#    zt = 0.8000E+01
#    wt = 0.1000E+01
#    zp = 0.1000E+01
#    rs =  0.23227400E+01
#    Te =  0.25000000E-01
#   rho =  0.39700000E+01
#  zbar =  0.26199920E+01
#   mep =  100
# mloss =  24
#   E/AMU (MeV)            dEdX           range
 0.10000000E-02  0.26051167E+01  0.20394353E-01
 0.11233240E-02  0.27550659E+01  0.21616728E-01
 0.12618569E-02  0.29136486E+01  0.22915070E-01
 0.14174742E-02  0.30802290E+01  0.24294407E-01
 0.15922828E-02  0.32563118E+01  0.25760051E-01
 0.17886495E-02  0.34409037E+01  0.27317776E-01
 0.20092330E-02  0.36358949E+01  0.28973739E-01
 0.22570197E-02  0.38399746E+01  0.30734621E-01
 0.25353645E-02  0.40553820E+01  0.32607553E-01
 0.28480359E-02  0.42803438E+01  0.34600312E-01
 0.31992671E-02  0.45175594E+01  0.36721215E-01
 0.35938137E-02  0.47647996E+01  0.38979329E-01
 0.40370173E-02  0.50252148E+01  0.41384372E-01
 0.45348785E-02  0.52961160E+01  0.43946936E-01
 0.50941380E-02  0.55810974E+01  0.46678377E-01
 0.57223677E-02  0.58762467E+01  0.49591304E-01
 0.64280731E-02  0.61861412E+01  0.52699276E-01
 0.72208090E-02  0.65049516E+01  0.56017569E-01
 0.81113083E-02  0.68387395E+01  0.59562740E-01
 0.91116276E-02  0.71808047E+01  0.63353125E-01
 0.10235310E-01  0.75380057E+01  0.67408659E-01
 0.11497570E-01  0.79043239E+01  0.71750892E-01
 0.12915497E-01  0.82863204E+01  0.76403119E-01
 0.14508288E-01  0.86763357E+01  0.81391226E-01
 0.16297508E-01  0.90819578E+01  0.86743384E-01
 0.18307383E-01  0.94949328E+01  0.92490669E-01
 0.20565123E-01  0.99236225E+01  0.98666975E-01
 0.23101297E-01  0.10363690E+02  0.10530792E+00
 0.25950242E-01  0.10821834E+02  0.11245175E+00
 0.29150531E-01  0.11299041E+02  0.12013735E+00
 0.32745492E-01  0.11799007E+02  0.12840570E+00
 0.36783798E-01  0.12325460E+02  0.13729864E+00
 0.41320124E-01  0.12879706E+02  0.14686400E+00
 0.46415888E-01  0.13586515E+02  0.15709893E+00
 0.52140083E-01  0.14400140E+02  0.16795891E+00
 0.58570208E-01  0.14997054E+02  0.17956607E+00
 0.65793322E-01  0.15475811E+02  0.19214765E+00
 0.73907220E-01  0.15812395E+02  0.20591551E+00
 0.83021757E-01  0.16074676E+02  0.22108908E+00
 0.93260335E-01  0.16156870E+02  0.23795305E+00
 0.10476158E+00  0.16133559E+02  0.25686286E+00
 0.11768120E+00  0.15943269E+02  0.27824995E+00
 0.13219411E+00  0.15651199E+02  0.30265033E+00
 0.14849683E+00  0.15304702E+02  0.33063188E+00
 0.16681005E+00  0.14930755E+02  0.36280926E+00
 0.18738174E+00  0.14471297E+02  0.39998092E+00
 0.21049041E+00  0.13950721E+02  0.44318408E+00
 0.23644894E+00  0.13383135E+02  0.49365601E+00
 0.26560878E+00  0.12787425E+02  0.55287459E+00
 0.29836472E+00  0.12148927E+02  0.62269381E+00
 0.33516027E+00  0.11473550E+02  0.70551651E+00
 0.37649358E+00  0.10814822E+02  0.80413981E+00
 0.42292429E+00  0.10173091E+02  0.92178805E+00
 0.47508102E+00  0.95367183E+01  0.10625159E+01
 0.53366992E+00  0.89010343E+01  0.12315411E+01
 0.59948425E+00  0.82869523E+01  0.14352373E+01
 0.67341507E+00  0.76902914E+01  0.16814490E+01
 0.75646333E+00  0.71313672E+01  0.19796084E+01
 0.84975344E+00  0.66040739E+01  0.23410539E+01
 0.95454846E+00  0.61132845E+01  0.27795858E+01
 0.10722672E+01  0.56539877E+01  0.33119979E+01
 0.12045035E+01  0.52275364E+01  0.39587380E+01
 0.13530478E+01  0.48273854E+01  0.47450025E+01
 0.15199111E+01  0.44554136E+01  0.57016894E+01
 0.17073526E+01  0.41062701E+01  0.68669697E+01
 0.19179103E+01  0.37830363E+01  0.82874913E+01
 0.21544347E+01  0.34799106E+01  0.10020980E+02
 0.24201283E+01  0.32005147E+01  0.12138055E+02
 0.27185882E+01  0.29406904E+01  0.14725150E+02
 0.30538555E+01  0.27010381E+01  0.17888464E+02
 0.34304693E+01  0.24769840E+01  0.21760454E+02
 0.38535286E+01  0.22706212E+01  0.26504202E+02
 0.43287613E+01  0.20781392E+01  0.32322415E+02
 0.48626016E+01  0.19022967E+01  0.39463077E+02
 0.54622772E+01  0.17408072E+01  0.48226935E+02
 0.61359073E+01  0.15921521E+01  0.58986772E+02
 0.68926121E+01  0.14528979E+01  0.72218246E+02
 0.77426368E+01  0.13252995E+01  0.88508964E+02
 0.86974900E+01  0.12066754E+01  0.10859079E+03
 0.97700996E+01  0.10984727E+01  0.13336909E+03
 0.10974988E+02  0.99888634E+00  0.16396298E+03
 0.12328467E+02  0.90825372E+00  0.20175759E+03
 0.13848864E+02  0.82528651E+00  0.24846681E+03
 0.15556761E+02  0.74983899E+00  0.30621275E+03
 0.17475284E+02  0.68084405E+00  0.37763109E+03
 0.19630407E+02  0.61797934E+00  0.46599389E+03
 0.22051307E+02  0.55961961E+00  0.57549193E+03
 0.24770764E+02  0.50687476E+00  0.71132463E+03
 0.27825594E+02  0.45965186E+00  0.87967475E+03
 0.31257158E+02  0.41679403E+00  0.10882061E+04
 0.35111917E+02  0.37758801E+00  0.13466679E+04
 0.39442061E+02  0.34201554E+00  0.16671511E+04
 0.44306215E+02  0.30918642E+00  0.20650310E+04
 0.49770236E+02  0.27953533E+00  0.25594714E+04
 0.55908102E+02  0.25301770E+00  0.31734142E+04
 0.62802914E+02  0.22899470E+00  0.39352596E+04
 0.70548023E+02  0.20676772E+00  0.48820512E+04
 0.79248290E+02  0.18670886E+00  0.60600984E+04
 0.89021509E+02  0.16888988E+00  0.75242046E+04
 0.10000000E+03  0.15277237E+00  0.93423672E+04
