     0.162094186     7.466639499	Brd67a     15%
     0.243636839     9.624432932
     0.243125997     10.11328761
     0.321350358     12.07785249
     0.318787415     12.69060494
     0.38556367      13.93215599
     0.387340702     14.30965361
     0.511890163     15.26204306
     0.624637858     15.48571981
     0.758976279     17.29418132
     0.759133462     17.03253651
     0.896309896     17.62662426
     0.896663556     17.03227335
     1.04903864      19.84584212
     1.051483697     19.10479746
