0.06901412   8.81670730	Zha02b     2.5%
0.08294170   9.89832942
0.09686927   10.8961824
0.11079684   11.7979173
0.12472442   12.6051954
0.13865199   13.3281734
0.15257956   13.9809574
0.16650714   14.5780247
0.18043471   15.1316136
0.19436228   15.6500816
0.20828985   16.1372317
0.22221743   16.5926062
0.2361450    17.0127498
0.25007257   17.3934398
0.26400015   17.7328846
0.27792772   18.0358908
0.29185529   18.318998
0.30578287   18.6165818
0.31971044   18.9879248
0.33363801   19.5252561
