#   nzt =   1
#    zt = 0.8200E+02
#    wt = 0.1000E+01
#    zp = 0.1000E+01
#    rs =  0.32670700E+01
#    Te =  0.25000000E-01
#   rho =  0.15895400E+02
#  zbar =  0.35406019E+01
#   mep =  100
# mloss =  24
#   E/AMU (MeV)            dEdX           range
 0.10000000E-02  0.61540065E+01  0.11169392E+00
 0.11233240E-02  0.65264106E+01  0.11837902E+00
 0.12618569E-02  0.69205530E+01  0.12546021E+00
 0.14174742E-02  0.73348846E+01  0.13296356E+00
 0.15922828E-02  0.77734972E+01  0.14091635E+00
 0.17886495E-02  0.82335836E+01  0.14934835E+00
 0.20092330E-02  0.87206181E+01  0.15829101E+00
 0.22570197E-02  0.92303841E+01  0.16777868E+00
 0.25353645E-02  0.97697642E+01  0.17784785E+00
 0.28480359E-02  0.10333201E+02  0.18853826E+00
 0.31992671E-02  0.10928873E+02  0.19989231E+00
 0.35938137E-02  0.11550069E+02  0.21195614E+00
 0.40370173E-02  0.12206126E+02  0.22477900E+00
 0.45348785E-02  0.12888710E+02  0.23841484E+00
 0.50941380E-02  0.13608734E+02  0.25292132E+00
 0.57223677E-02  0.14355300E+02  0.26836215E+00
 0.64280731E-02  0.15141702E+02  0.28480546E+00
 0.72208090E-02  0.15952034E+02  0.30232805E+00
 0.81113083E-02  0.16803833E+02  0.32101254E+00
 0.91116276E-02  0.17678291E+02  0.34095052E+00
 0.10235310E-01  0.18595975E+02  0.36224058E+00
 0.11497570E-01  0.19535925E+02  0.38499116E+00
 0.12915497E-01  0.20520998E+02  0.40931863E+00
 0.14508288E-01  0.21520391E+02  0.43535626E+00
 0.16297508E-01  0.22563602E+02  0.46325013E+00
 0.18307383E-01  0.23632637E+02  0.49315152E+00
 0.20565123E-01  0.24750480E+02  0.52522299E+00
 0.23101297E-01  0.25911600E+02  0.55962933E+00
 0.25950242E-01  0.27129898E+02  0.59655457E+00
 0.29150531E-01  0.28556841E+02  0.63606667E+00
 0.32745492E-01  0.30125406E+02  0.67815764E+00
 0.36783798E-01  0.31456983E+02  0.72320136E+00
 0.41320124E-01  0.32713683E+02  0.77177416E+00
 0.46415888E-01  0.33950111E+02  0.82430477E+00
 0.52140083E-01  0.35226066E+02  0.88114552E+00
 0.58570208E-01  0.36150448E+02  0.94302089E+00
 0.65793322E-01  0.36924080E+02  0.10109203E+01
 0.73907220E-01  0.37447370E+02  0.10858761E+01
 0.83021757E-01  0.37890064E+02  0.11690073E+01
 0.93260335E-01  0.38210013E+02  0.12614642E+01
 0.10476158E+00  0.38495854E+02  0.13644979E+01
 0.11768120E+00  0.38636873E+02  0.14796006E+01
 0.13219411E+00  0.38707143E+02  0.16085620E+01
 0.14849683E+00  0.38742940E+02  0.17532370E+01
 0.16681005E+00  0.38754249E+02  0.19156326E+01
 0.18738174E+00  0.38621981E+02  0.20983282E+01
 0.21049041E+00  0.38349316E+02  0.23046354E+01
 0.23644894E+00  0.37911310E+02  0.25385525E+01
 0.26560878E+00  0.37316023E+02  0.28049260E+01
 0.29836472E+00  0.36524402E+02  0.31097775E+01
 0.33516027E+00  0.35536459E+02  0.34607480E+01
 0.37649358E+00  0.34433863E+02  0.38668416E+01
 0.42292429E+00  0.33233532E+02  0.43385242E+01
 0.47508102E+00  0.31874088E+02  0.48892272E+01
 0.53366992E+00  0.30362984E+02  0.55365898E+01
 0.59948425E+00  0.28824102E+02  0.63014261E+01
 0.67341507E+00  0.27277229E+02  0.72078994E+01
 0.75646333E+00  0.25717424E+02  0.82858655E+01
 0.84975344E+00  0.24122229E+02  0.95739139E+01
 0.95454846E+00  0.22622361E+02  0.11116857E+02
 0.10722672E+01  0.21210565E+02  0.12965122E+02
 0.12045035E+01  0.19862007E+02  0.15180574E+02
 0.13530478E+01  0.18530368E+02  0.17843791E+02
 0.15199111E+01  0.17307269E+02  0.21048926E+02
 0.17073526E+01  0.16168335E+02  0.24903358E+02
 0.19179103E+01  0.15116081E+02  0.29535692E+02
 0.21544347E+01  0.14106004E+02  0.35107591E+02
 0.24201283E+01  0.13189541E+02  0.41808324E+02
 0.27185882E+01  0.12341281E+02  0.49855497E+02
 0.30538555E+01  0.11563571E+02  0.59507959E+02
 0.34304693E+01  0.10813565E+02  0.71092805E+02
 0.38535286E+01  0.10128425E+02  0.84997302E+02
 0.43287613E+01  0.94804320E+01  0.10167934E+03
 0.48626016E+01  0.88849274E+01  0.12168307E+03
 0.54622772E+01  0.83003332E+01  0.14570025E+03
 0.61359073E+01  0.77555339E+01  0.17457216E+03
 0.68926121E+01  0.72121347E+01  0.20937269E+03
 0.77426368E+01  0.67101420E+01  0.25139661E+03
 0.86974900E+01  0.62195310E+01  0.30223936E+03
 0.97700996E+01  0.57686868E+01  0.36383321E+03
 0.10974988E+02  0.53364193E+01  0.43853793E+03
 0.12328467E+02  0.49396080E+01  0.52921822E+03
 0.13848864E+02  0.45614940E+01  0.63940862E+03
 0.15556761E+02  0.42160184E+01  0.77338157E+03
 0.17475284E+02  0.38897721E+01  0.93636854E+03
 0.19630407E+02  0.35916752E+01  0.11347109E+04
 0.22051307E+02  0.33089462E+01  0.13763071E+04
 0.24770764E+02  0.30513635E+01  0.16707186E+04
 0.27825594E+02  0.28074353E+01  0.20298032E+04
 0.31257158E+02  0.25850325E+01  0.24680123E+04
 0.35111917E+02  0.23752812E+01  0.30032265E+04
 0.39442061E+02  0.21840428E+01  0.36572011E+04
 0.44306215E+02  0.20008340E+01  0.44577528E+04
 0.49770236E+02  0.18340238E+01  0.54390645E+04
 0.55908102E+02  0.16774082E+01  0.66431243E+04
 0.62802914E+02  0.15352046E+01  0.81214758E+04
 0.70548023E+02  0.14043944E+01  0.99364587E+04
 0.79248290E+02  0.12855230E+01  0.12164229E+05
 0.89021509E+02  0.11745526E+01  0.14900935E+05
 0.10000000E+03  0.10739650E+01  0.18264976E+05
