#   nzt =   1
#    zt = 0.7900E+02
#    wt = 0.1000E+01
#    zp = 0.1000E+01
#    rs =  0.30107400E+01
#    Te =  0.50000000E+00
#   rho =  0.19311000E+02
#  zbar =  0.34540077E+01
#   mep =  100
# mloss =  24
#   E/AMU (MeV)            dEdX           range
 0.10000000E-02  0.51585305E+01  0.12681113E+00
 0.11233240E-02  0.54736123E+01  0.13439895E+00
 0.12618569E-02  0.58070698E+01  0.14243222E+00
 0.14174742E-02  0.61577437E+01  0.15094022E+00
 0.15922828E-02  0.65289794E+01  0.15995356E+00
 0.17886495E-02  0.69187906E+01  0.16950547E+00
 0.20092330E-02  0.73315625E+01  0.17963100E+00
 0.22570197E-02  0.77644399E+01  0.19036808E+00
 0.25353645E-02  0.82228024E+01  0.20175686E+00
 0.28480359E-02  0.87027955E+01  0.21384087E+00
 0.31992671E-02  0.92108294E+01  0.22666637E+00
 0.35938137E-02  0.97421607E+01  0.24028347E+00
 0.40370173E-02  0.10304145E+02  0.25474553E+00
 0.45348785E-02  0.10890957E+02  0.27011056E+00
 0.50941380E-02  0.11511109E+02  0.28644036E+00
 0.57223677E-02  0.12156594E+02  0.30380307E+00
 0.64280731E-02  0.12837995E+02  0.32227131E+00
 0.72208090E-02  0.13543432E+02  0.34192650E+00
 0.81113083E-02  0.14286894E+02  0.36285593E+00
 0.91116276E-02  0.15054517E+02  0.38515566E+00
 0.10235310E-01  0.15862536E+02  0.40892874E+00
 0.11497570E-01  0.16696795E+02  0.43428665E+00
 0.12915497E-01  0.17574374E+02  0.46134847E+00
 0.14508288E-01  0.18475097E+02  0.49024803E+00
 0.16297508E-01  0.19419915E+02  0.52113068E+00
 0.18307383E-01  0.20393824E+02  0.55415014E+00
 0.20565123E-01  0.21415295E+02  0.58947202E+00
 0.23101297E-01  0.22478221E+02  0.62726595E+00
 0.25950242E-01  0.23595356E+02  0.66771764E+00
 0.29150531E-01  0.24835200E+02  0.71094869E+00
 0.32745492E-01  0.26171854E+02  0.75704274E+00
 0.36783798E-01  0.27442048E+02  0.80629745E+00
 0.41320124E-01  0.28719374E+02  0.85913429E+00
 0.46415888E-01  0.30145933E+02  0.91576906E+00
 0.52140083E-01  0.31699231E+02  0.97627965E+00
 0.58570208E-01  0.32903330E+02  0.10413323E+01
 0.65793322E-01  0.33950603E+02  0.11119594E+01
 0.73907220E-01  0.34771379E+02  0.11891532E+01
 0.83021757E-01  0.35513869E+02  0.12739437E+01
 0.93260335E-01  0.36088899E+02  0.13674455E+01
 0.10476158E+00  0.36595590E+02  0.14709145E+01
 0.11768120E+00  0.36938323E+02  0.15858056E+01
 0.13219411E+00  0.37189790E+02  0.17138487E+01
 0.14849683E+00  0.37383512E+02  0.18568330E+01
 0.16681005E+00  0.37532521E+02  0.20166937E+01
 0.18738174E+00  0.37512693E+02  0.21959481E+01
 0.21049041E+00  0.37331983E+02  0.23978547E+01
 0.23644894E+00  0.36977432E+02  0.26263057E+01
 0.26560878E+00  0.36458167E+02  0.28859791E+01
 0.29836472E+00  0.35722299E+02  0.31827555E+01
 0.33516027E+00  0.34772957E+02  0.35241774E+01
 0.37649358E+00  0.33706856E+02  0.39190583E+01
 0.42292429E+00  0.32540732E+02  0.43775602E+01
 0.47508102E+00  0.31204557E+02  0.49128404E+01
 0.53366992E+00  0.29705937E+02  0.55423420E+01
 0.59948425E+00  0.28177155E+02  0.62866316E+01
 0.67341507E+00  0.26637633E+02  0.71695884E+01
 0.75646333E+00  0.25092437E+02  0.82206064E+01
 0.84975344E+00  0.23522478E+02  0.94773481E+01
 0.95454846E+00  0.22047792E+02  0.10983623E+02
 0.10722672E+01  0.20661295E+02  0.12788962E+02
 0.12045035E+01  0.19346952E+02  0.14953609E+02
 0.13530478E+01  0.18063862E+02  0.17554712E+02
 0.15199111E+01  0.16889681E+02  0.20682156E+02
 0.17073526E+01  0.15801824E+02  0.24438247E+02
 0.19179103E+01  0.14796235E+02  0.28945433E+02
 0.21544347E+01  0.13826426E+02  0.34358969E+02
 0.24201283E+01  0.12947114E+02  0.40860072E+02
 0.27185882E+01  0.12133029E+02  0.48655656E+02
 0.30538555E+01  0.11383296E+02  0.57992771E+02
 0.34304693E+01  0.10651067E+02  0.69188919E+02
 0.38535286E+01  0.99804349E+01  0.82620367E+02
 0.43287613E+01  0.93428139E+01  0.98730690E+02
 0.48626016E+01  0.87542085E+01  0.11804958E+03
 0.54622772E+01  0.81712030E+01  0.14125720E+03
 0.61359073E+01  0.76260228E+01  0.16918409E+03
 0.68926121E+01  0.70794763E+01  0.20289509E+03
 0.77426368E+01  0.65747457E+01  0.24367713E+03
 0.86974900E+01  0.60850290E+01  0.29309879E+03
 0.97700996E+01  0.56364645E+01  0.35305728E+03
 0.10974988E+02  0.52123532E+01  0.42583592E+03
 0.12328467E+02  0.48233889E+01  0.51420361E+03
 0.13848864E+02  0.44536326E+01  0.62160517E+03
 0.15556761E+02  0.41160653E+01  0.75219964E+03
 0.17475284E+02  0.37979591E+01  0.91107177E+03
 0.19630407E+02  0.35073220E+01  0.11043828E+04
 0.22051307E+02  0.32313766E+01  0.13398305E+04
 0.24770764E+02  0.29797292E+01  0.16267411E+04
 0.27825594E+02  0.27399962E+01  0.19767874E+04
 0.31257158E+02  0.25212514E+01  0.24042323E+04
 0.35111917E+02  0.23146442E+01  0.29267074E+04
 0.39442061E+02  0.21262756E+01  0.35657203E+04
 0.44306215E+02  0.19469505E+01  0.43485068E+04
 0.49770236E+02  0.17837211E+01  0.53085245E+04
 0.55908102E+02  0.16309588E+01  0.64869052E+04
 0.62802914E+02  0.14922669E+01  0.79341155E+04
 0.70548023E+02  0.13646382E+01  0.97114364E+04
 0.79248290E+02  0.12487007E+01  0.11893767E+05
 0.89021509E+02  0.11407501E+01  0.14575277E+05
 0.10000000E+03  0.10429147E+01  0.17871888E+05
