#   nzt = 2
#    zt = 1.9000E+01 3.5000E+01
#    wt = 1.0000E+00 1.0000E+00
#    zp = 1.0000E+00
#    rs =  3.87369000E+00
#    Te =  2.50000000E-02
#   rho =  2.74000000E+00
#  zbar =  1.72743050E+00
#   mep = 100
# mloss =  24
#   E/AMU (MeV)            dEdX           range
 1.00000000E-03  9.45012215E+00  1.90137347E-02
 1.12332400E-03  9.96974110E+00  2.02757132E-02
 1.26185690E-03  1.05182511E+01  2.16194208E-02
 1.41747420E-03  1.10893048E+01  2.30506245E-02
 1.59228280E-03  1.16917240E+01  2.45755177E-02
 1.78864950E-03  1.23169831E+01  2.62008666E-02
 2.00923300E-03  1.29761158E+01  2.79339489E-02
 2.25701970E-03  1.36583020E+01  2.97827076E-02
 2.53536450E-03  1.43769685E+01  3.17556957E-02
 2.84803590E-03  1.51181875E+01  3.38622876E-02
 3.19926710E-03  1.58985940E+01  3.61125844E-02
 3.59381370E-03  1.67011410E+01  3.85176355E-02
 4.03701730E-03  1.75459490E+01  4.10893358E-02
 4.53487850E-03  1.84094980E+01  4.38409049E-02
 5.09413800E-03  1.93183205E+01  4.67866091E-02
 5.72236770E-03  2.02397995E+01  4.99424548E-02
 6.42807310E-03  2.12093280E+01  5.33257620E-02
 7.22080900E-03  2.21801565E+01  5.69563095E-02
 8.11130830E-03  2.32007460E+01  6.08556158E-02
 9.11162760E-03  2.42358085E+01  6.50459547E-02
 1.02353100E-02  2.53280490E+01  6.95510391E-02
 1.14975700E-02  2.64985825E+01  7.43908111E-02
 1.29154970E-02  2.77558455E+01  7.95842591E-02
 1.45082880E-02  2.88746485E+01  8.51732946E-02
 1.62975080E-02  3.00007560E+01  9.12120324E-02
 1.83073830E-02  3.12711805E+01  9.77301638E-02
 2.05651230E-02  3.26454815E+01  1.04749738E-01
 2.31012970E-02  3.35704680E+01  1.12361240E-01
 2.59502420E-02  3.43382740E+01  1.20698263E-01
 2.91505310E-02  3.47734495E+01  1.29900740E-01
 3.27454920E-02  3.51037905E+01  1.40125047E-01
 3.67837980E-02  3.51157070E+01  1.51555146E-01
 4.13201240E-02  3.50095120E+01  1.64412193E-01
 4.64158880E-02  3.47806560E+01  1.78924487E-01
 5.21400830E-02  3.45437210E+01  1.95336171E-01
 5.85702080E-02  3.41097855E+01  2.13953422E-01
 6.57933220E-02  3.36135305E+01  2.35154183E-01
 7.39072200E-02  3.30098025E+01  2.59363794E-01
 8.30217570E-02  3.23949420E+01  2.87065814E-01
 9.32603350E-02  3.17012060E+01  3.18820871E-01
 1.04761580E-01  3.09940975E+01  3.55290475E-01
 1.17681200E-01  3.01660090E+01  3.97291132E-01
 1.32194110E-01  2.92827830E+01  4.45832033E-01
 1.48496830E-01  2.83942465E+01  5.02035136E-01
 1.66810050E-01  2.75274115E+01  5.67151981E-01
 1.87381740E-01  2.65732390E+01  6.42769285E-01
 2.10490410E-01  2.55604020E+01  7.30924010E-01
 2.36448940E-01  2.45027775E+01  8.34053802E-01
 2.65608780E-01  2.34272460E+01  9.55065583E-01
 2.98364720E-01  2.23317480E+01  1.09746187E+00
 3.35160270E-01  2.12162255E+01  1.26555355E+00
 3.76493580E-01  2.01382750E+01  1.46439239E+00
 4.22924290E-01  1.90973670E+01  1.69982156E+00
 4.75081020E-01  1.80805135E+01  1.97893697E+00
 5.33669920E-01  1.70751335E+01  2.31053188E+00
 5.99484250E-01  1.61062345E+01  2.70519534E+00
 6.73415070E-01  1.51674420E+01  3.17559474E+00
 7.56463330E-01  1.42771095E+01  3.73683752E+00
 8.49753440E-01  1.34167735E+01  4.40718166E+00
 9.54548460E-01  1.26162935E+01  5.20821700E+00
 1.07226720E+00  1.18674255E+01  6.16498287E+00
 1.20450350E+00  1.11522107E+01  7.30814447E+00
 1.35304780E+00  1.04460678E+01  8.67693371E+00
 1.51991110E+00  9.79109025E+00  1.03178965E+01
 1.70735260E+00  9.17801955E+00  1.22844537E+01
 1.91791030E+00  8.59461340E+00  1.46423775E+01
 2.15443470E+00  8.01104550E+00  1.74776543E+01
 2.42012830E+00  7.46653245E+00  2.08947024E+01
 2.71858820E+00  6.94589255E+00  2.50171037E+01
 3.05385550E+00  6.45863955E+00  2.99962225E+01
 3.43046930E+00  5.98300435E+00  3.60230360E+01
 3.85352860E+00  5.54122970E+00  4.33320655E+01
 4.32876130E+00  5.11932330E+00  5.22084182E+01
 4.86260160E+00  4.73092205E+00  6.29995269E+01
 5.46227720E+00  4.36490165E+00  7.61276534E+01
 6.13590730E+00  4.02578260E+00  9.21144086E+01
 6.89261210E+00  3.70125860E+00  1.11617354E+02
 7.74263680E+00  3.40304680E+00  1.35445707E+02
 8.69749000E+00  3.12243565E+00  1.64589232E+02
 9.77009960E+00  2.86627140E+00  2.00260434E+02
 1.09749880E+01  2.62974200E+00  2.43924177E+02
 1.23284670E+01  2.41257715E+00  2.97386317E+02
 1.38488640E+01  2.20817775E+00  3.62926790E+02
 1.55567610E+01  2.02161910E+00  4.43353972E+02
 1.74752840E+01  1.84858425E+00  5.42099029E+02
 1.96304070E+01  1.69006700E+00  6.63416419E+02
 2.20513070E+01  1.54088790E+00  8.12689906E+02
 2.47707640E+01  1.40517490E+00  9.96584935E+02
 2.78255940E+01  1.28049577E+00  1.22319383E+03
 3.12571580E+01  1.16689756E+00  1.50253378E+03
 3.51119170E+01  1.06162617E+00  1.84716444E+03
 3.94420610E+01  9.65929855E-01  2.27266682E+03
 4.43062150E+01  8.77574150E-01  2.79839589E+03
 4.97702360E+01  7.97390770E-01  3.44837827E+03
 5.59081020E+01  7.24172015E-01  4.25214780E+03
 6.28029140E+01  6.57731915E-01  5.24628806E+03
 7.05480230E+01  5.96834150E-01  6.47642667E+03
 7.92482900E+01  5.41613640E-01  7.99920939E+03
 8.90215090E+01  4.91020215E-01  9.88514964E+03
 1.00000000E+02  4.45183070E-01  1.22218730E+04
