#   nzt = 2
#    zt = 2.0000E+01 9.0000E+00
#    wt = 1.0000E+00 2.0000E+00
#    zp = 1.0000E+00
#    rs =  2.77804000E+00
#    Te =  2.50000000E-02
#   rho =  3.18000000E+00
#  zbar =  2.27161697E+00
#   mep = 100
# mloss =  24
#   E/AMU (MeV)            dEdX           range
 1.00000000E-03  3.84919293E+00  2.11138447E-02
 1.12332400E-03  4.07012123E+00  2.24675375E-02
 1.26185690E-03  4.30375523E+00  2.39056303E-02
 1.41747420E-03  4.54897427E+00  2.54336887E-02
 1.59228280E-03  4.80816823E+00  2.70576638E-02
 1.78864950E-03  5.07934573E+00  2.87840531E-02
 2.00923300E-03  5.36576587E+00  3.06198239E-02
 2.25701970E-03  5.66450347E+00  3.25725803E-02
 2.53536450E-03  5.97973550E+00  3.46504990E-02
 2.84803590E-03  6.30771393E+00  3.68624747E-02
 3.19926710E-03  6.65344650E+00  3.92180838E-02
 3.59381370E-03  7.01245007E+00  4.17277237E-02
 4.03701730E-03  7.39050713E+00  4.44025947E-02
 4.53487850E-03  7.78200410E+00  4.72549195E-02
 5.09413800E-03  8.19382767E+00  5.02978908E-02
 5.72236770E-03  8.61884360E+00  5.35459680E-02
 6.42807310E-03  9.06540487E+00  5.70147831E-02
 7.22080900E-03  9.52331460E+00  6.07217555E-02
 8.11130830E-03  1.00035883E+01  6.46858094E-02
 9.11162760E-03  1.04942129E+01  6.89277693E-02
 1.02353100E-02  1.10082696E+01  7.34702168E-02
 1.14975700E-02  1.15316617E+01  7.83380003E-02
 1.29154970E-02  1.20797737E+01  8.35579637E-02
 1.45082880E-02  1.26327993E+01  8.91603527E-02
 1.62975080E-02  1.32107853E+01  9.51782161E-02
 1.83073830E-02  1.38086960E+01  1.01644002E-01
 2.05651230E-02  1.44399470E+01  1.08591148E-01
 2.31012970E-02  1.50927927E+01  1.16055702E-01
 2.59502420E-02  1.57824597E+01  1.24075916E-01
 2.91505310E-02  1.66273220E+01  1.32658894E-01
 3.27454920E-02  1.75837033E+01  1.41793989E-01
 3.67837980E-02  1.83296837E+01  1.51568810E-01
 4.13201240E-02  1.89881020E+01  1.62135360E-01
 4.64158880E-02  1.95115170E+01  1.73640427E-01
 5.21400830E-02  1.99785510E+01  1.86240309E-01
 5.85702080E-02  2.02521100E+01  2.00134013E-01
 6.57933220E-02  2.04258667E+01  2.15569757E-01
 7.39072200E-02  2.04287677E+01  2.32835133E-01
 8.30217570E-02  2.03501480E+01  2.52266174E-01
 9.32603350E-02  2.01827447E+01  2.74226917E-01
 1.04761580E-01  1.99693933E+01  2.99131296E-01
 1.17681200E-01  1.96275103E+01  3.27503556E-01
 1.32194110E-01  1.92143250E+01  3.59996514E-01
 1.48496830E-01  1.87707500E+01  3.97321081E-01
 1.66810050E-01  1.83189613E+01  4.40261930E-01
 1.87381740E-01  1.77895977E+01  4.89814414E-01
 2.10490410E-01  1.72064140E+01  5.47252193E-01
 2.36448940E-01  1.65750390E+01  6.14098945E-01
 2.65608780E-01  1.59169333E+01  6.92175394E-01
 2.98364720E-01  1.52170557E+01  7.83716646E-01
 3.35160270E-01  1.44782253E+01  8.91541099E-01
 3.76493580E-01  1.37498383E+01  1.01896266E+00
 4.22924290E-01  1.30339547E+01  1.16982547E+00
 4.75081020E-01  1.23081363E+01  1.34895606E+00
 5.33669920E-01  1.15622635E+01  1.56261553E+00
 5.99484250E-01  1.08313299E+01  1.81847230E+00
 6.73415070E-01  1.01098108E+01  2.12585019E+00
 7.56463330E-01  9.42643753E+00  2.49597541E+00
 8.49753440E-01  8.77059647E+00  2.94237523E+00
 9.54548460E-01  8.15929133E+00  3.48135943E+00
 1.07226720E+00  7.58540753E+00  4.13241873E+00
 1.20450350E+00  7.04622883E+00  4.91943802E+00
 1.35304780E+00  6.53117507E+00  5.87223335E+00
 1.51991110E+00  6.05281820E+00  7.02702558E+00
 1.70735260E+00  5.60442590E+00  8.42740339E+00
 1.91791030E+00  5.18685223E+00  1.01267542E+01
 2.15443470E+00  4.79012900E+00  1.21916313E+01
 2.42012830E+00  4.42403157E+00  1.47031681E+01
 2.71858820E+00  4.08248243E+00  1.77592323E+01
 3.05385550E+00  3.76596187E+00  2.14801046E+01
 3.43046930E+00  3.46615260E+00  2.60164298E+01
 3.85352860E+00  3.18950577E+00  3.15535775E+01
 4.32876130E+00  2.93021787E+00  3.83187015E+01
 4.86260160E+00  2.69259743E+00  4.65896194E+01
 5.46227720E+00  2.47217437E+00  5.67048756E+01
 6.13590730E+00  2.26816783E+00  6.90854043E+01
 6.89261210E+00  2.07409757E+00  8.42696420E+01
 7.74263680E+00  1.89632200E+00  1.02923907E+02
 8.69749000E+00  1.73097013E+00  1.25862416E+02
 9.77009960E+00  1.58024160E+00  1.54089274E+02
 1.09749880E+01  1.44185723E+00  1.88831606E+02
 1.23284670E+01  1.31534310E+00  2.31608487E+02
 1.38488640E+01  1.19777840E+00  2.84331692E+02
 1.55567610E+01  1.09085818E+00  3.49365598E+02
 1.74752840E+01  9.93060067E-01  4.29597910E+02
 1.96304070E+01  9.03816280E-01  5.28613565E+02
 2.20513070E+01  8.20777467E-01  6.50962610E+02
 2.47707640E+01  7.45472173E-01  8.02292660E+02
 2.78255940E+01  6.77137227E-01  9.89448673E+02
 3.12571580E+01  6.15047683E-01  1.22090684E+03
 3.51119170E+01  5.58160180E-01  1.50728740E+03
 3.94420610E+01  5.06484833E-01  1.86179282E+03
 4.43062150E+01  4.58771380E-01  2.30105396E+03
 4.97702360E+01  4.15580450E-01  2.84578095E+03
 5.59081020E+01  3.76591103E-01  3.52115509E+03
 6.28029140E+01  3.41243950E-01  4.35839126E+03
 7.05480230E+01  3.08703863E-01  5.39718660E+03
 7.92482900E+01  2.79277677E-01  6.68705955E+03
 8.90215090E+01  2.52706997E-01  8.28850769E+03
 1.00000000E+02  2.28668813E-01  1.02765818E+04
