#   nzt =   1
#    zt = 0.5500E+02
#    wt = 0.1000E+01
#    zp = 0.1000E+01
#    rs =  0.57414800E+01
#    Te =  0.25000000E-01
#   rho =  0.18790000E+01
#  zbar =  0.13652611E+01
#   mep =  100
# mloss =  24
#   E/AMU (MeV)            dEdX           range
 0.10000000E-02  0.20794602E+02  0.21222254E-01
 0.11233240E-02  0.21788191E+02  0.22500322E-01
 0.12618569E-02  0.22833305E+02  0.23870227E-01
 0.14174742E-02  0.23899136E+02  0.25339574E-01
 0.15922828E-02  0.25020404E+02  0.26916285E-01
 0.17886495E-02  0.26150981E+02  0.28609520E-01
 0.20092330E-02  0.27340709E+02  0.30428985E-01
 0.22570197E-02  0.28520015E+02  0.32386188E-01
 0.25353645E-02  0.29761603E+02  0.34493408E-01
 0.28480359E-02  0.30992957E+02  0.36764200E-01
 0.31992671E-02  0.32293319E+02  0.39212935E-01
 0.35938137E-02  0.33578549E+02  0.41855763E-01
 0.40370173E-02  0.34942814E+02  0.44710041E-01
 0.45348785E-02  0.36393112E+02  0.47789926E-01
 0.50941380E-02  0.37960602E+02  0.51108238E-01
 0.57223677E-02  0.39379370E+02  0.54691910E-01
 0.64280731E-02  0.40885640E+02  0.58572752E-01
 0.72208090E-02  0.42720862E+02  0.62758271E-01
 0.81113083E-02  0.44774114E+02  0.67246410E-01
 0.91116276E-02  0.46150555E+02  0.72097407E-01
 0.10235310E-01  0.47478697E+02  0.77391148E-01
 0.11497570E-01  0.48563171E+02  0.83189166E-01
 0.12915497E-01  0.49670554E+02  0.89555108E-01
 0.14508288E-01  0.50287835E+02  0.96583212E-01
 0.16297508E-01  0.50809045E+02  0.10439062E+00
 0.18307383E-01  0.51111028E+02  0.11309130E+00
 0.20565123E-01  0.51396352E+02  0.12280706E+00
 0.23101297E-01  0.51307365E+02  0.13370160E+00
 0.25950242E-01  0.51167953E+02  0.14596857E+00
 0.29150531E-01  0.50875807E+02  0.15980857E+00
 0.32745492E-01  0.50612234E+02  0.17543865E+00
 0.36783798E-01  0.50140622E+02  0.19312593E+00
 0.41320124E-01  0.49663418E+02  0.21318561E+00
 0.46415888E-01  0.49153852E+02  0.23594651E+00
 0.52140083E-01  0.48722022E+02  0.26175553E+00
 0.58570208E-01  0.48133678E+02  0.29105224E+00
 0.65793322E-01  0.47492163E+02  0.32438759E+00
 0.73907220E-01  0.46784567E+02  0.36237363E+00
 0.83021757E-01  0.46093771E+02  0.40568214E+00
 0.93260335E-01  0.45274188E+02  0.45513692E+00
 0.10476158E+00  0.44407214E+02  0.51173207E+00
 0.11768120E+00  0.43379195E+02  0.57668283E+00
 0.13219411E+00  0.42268837E+02  0.65147768E+00
 0.14849683E+00  0.41138778E+02  0.73776191E+00
 0.16681005E+00  0.40017317E+02  0.83735700E+00
 0.18738174E+00  0.38738618E+02  0.95264336E+00
 0.21049041E+00  0.37351327E+02  0.10867060E+01
 0.23644894E+00  0.35902446E+02  0.12431534E+01
 0.26560878E+00  0.34426252E+02  0.14262218E+01
 0.29836472E+00  0.32943530E+02  0.16409087E+01
 0.33516027E+00  0.31451411E+02  0.18932487E+01
 0.37649358E+00  0.30010685E+02  0.21902590E+01
 0.42292429E+00  0.28626666E+02  0.25399532E+01
 0.47508102E+00  0.27264791E+02  0.29520568E+01
 0.53366992E+00  0.25910477E+02  0.34386849E+01
 0.59948425E+00  0.24605921E+02  0.40141220E+01
 0.67341507E+00  0.23339427E+02  0.46951956E+01
 0.75646333E+00  0.22110114E+02  0.55022425E+01
 0.84975344E+00  0.20891330E+02  0.64606161E+01
 0.95454846E+00  0.19749084E+02  0.75998159E+01
 0.10722672E+01  0.18676625E+02  0.89530419E+01
 0.12045035E+01  0.17620411E+02  0.10561961E+02
 0.13530478E+01  0.16526651E+02  0.12483810E+02
 0.15199111E+01  0.15498176E+02  0.14786008E+02
 0.17073526E+01  0.14513400E+02  0.17545647E+02
 0.19179103E+01  0.13574902E+02  0.20857491E+02
 0.21544347E+01  0.12644803E+02  0.24843978E+02
 0.24201283E+01  0.11779125E+02  0.29651493E+02
 0.27185882E+01  0.10953529E+02  0.35454532E+02
 0.30538555E+01  0.10195099E+02  0.42461320E+02
 0.34304693E+01  0.94849628E+01  0.50919774E+02
 0.38535286E+01  0.88289404E+01  0.61129098E+02
 0.43287613E+01  0.82054130E+01  0.73460615E+02
 0.48626016E+01  0.76346120E+01  0.88356629E+02
 0.54622772E+01  0.70993197E+01  0.10634593E+03
 0.61359073E+01  0.66023411E+01  0.12807328E+03
 0.68926121E+01  0.61239674E+01  0.15435450E+03
 0.77426368E+01  0.56798777E+01  0.18618105E+03
 0.86974900E+01  0.52510866E+01  0.22479534E+03
 0.97700996E+01  0.48556242E+01  0.27170763E+03
 0.10974988E+02  0.44800386E+01  0.32876493E+03
 0.12328467E+02  0.41334383E+01  0.39822715E+03
 0.13848864E+02  0.38035559E+01  0.48292182E+03
 0.15556761E+02  0.35012667E+01  0.58629045E+03
 0.17475284E+02  0.32171225E+01  0.71255622E+03
 0.19630407E+02  0.29563543E+01  0.86689572E+03
 0.22051307E+02  0.27089121E+01  0.10558614E+04
 0.24770764E+02  0.24835438E+01  0.12874623E+04
 0.27825594E+02  0.22752026E+01  0.15713486E+04
 0.31257158E+02  0.20847893E+01  0.19193767E+04
 0.35111917E+02  0.19067240E+01  0.23464698E+04
 0.39442061E+02  0.17442474E+01  0.28709415E+04
 0.44306215E+02  0.15921435E+01  0.35157341E+04
 0.49770236E+02  0.14534536E+01  0.43091916E+04
 0.55908102E+02  0.13251347E+01  0.52862361E+04
 0.62802914E+02  0.12082292E+01  0.64899811E+04
 0.70548023E+02  0.11004538E+01  0.79738837E+04
 0.79248290E+02  0.10023912E+01  0.98038368E+04
 0.89021509E+02  0.91163506E+00  0.12062505E+05
 0.10000000E+03  0.82921659E+00  0.14852567E+05
