#   nzt =   1
#    zt = 0.6500E+02
#    wt = 0.1000E+01
#    zp = 0.1000E+01
#    rs =  0.37241500E+01
#    Te =  0.25000000E-01
#   rho =  0.82300000E+01
#  zbar =  0.26880774E+01
#   mep =  100
# mloss =  24
#   E/AMU (MeV)            dEdX           range
 0.10000000E-02  0.85579829E+01  0.61655187E-01
 0.11233240E-02  0.90423797E+01  0.65352334E-01
 0.12618569E-02  0.95542508E+01  0.69282732E-01
 0.14174742E-02  0.10089639E+02  0.73462460E-01
 0.15922828E-02  0.10655002E+02  0.77908466E-01
 0.17886495E-02  0.11244426E+02  0.82639411E-01
 0.20092330E-02  0.11866271E+02  0.87675207E-01
 0.22570197E-02  0.12512694E+02  0.93037747E-01
 0.25353645E-02  0.13193917E+02  0.98750451E-01
 0.28480359E-02  0.13900170E+02  0.10483904E+00
 0.31992671E-02  0.14643531E+02  0.11133108E+00
 0.35938137E-02  0.15411754E+02  0.11825696E+00
 0.40370173E-02  0.16219214E+02  0.12564929E+00
 0.45348785E-02  0.17049113E+02  0.13354457E+00
 0.50941380E-02  0.17919751E+02  0.14198208E+00
 0.57223677E-02  0.18809940E+02  0.15100577E+00
 0.64280731E-02  0.19741971E+02  0.16066293E+00
 0.72208090E-02  0.20686307E+02  0.17100757E+00
 0.81113083E-02  0.21672095E+02  0.18209824E+00
 0.91116276E-02  0.22665062E+02  0.19400069E+00
 0.10235310E-01  0.23699291E+02  0.20678587E+00
 0.11497570E-01  0.24723077E+02  0.22053741E+00
 0.12915497E-01  0.25783680E+02  0.23534735E+00
 0.14508288E-01  0.26839142E+02  0.25131498E+00
 0.16297508E-01  0.27934575E+02  0.26855202E+00
 0.18307383E-01  0.29196650E+02  0.28711720E+00
 0.20565123E-01  0.30576064E+02  0.30703871E+00
 0.23101297E-01  0.31733587E+02  0.32850280E+00
 0.25950242E-01  0.32853964E+02  0.35177146E+00
 0.29150531E-01  0.34003528E+02  0.37702576E+00
 0.32745492E-01  0.35226947E+02  0.40440364E+00
 0.36783798E-01  0.35975310E+02  0.43430304E+00
 0.41320124E-01  0.36563181E+02  0.46727971E+00
 0.46415888E-01  0.36906257E+02  0.50386187E+00
 0.52140083E-01  0.37192451E+02  0.54460914E+00
 0.58570208E-01  0.37319110E+02  0.59013195E+00
 0.65793322E-01  0.37399090E+02  0.64112708E+00
 0.73907220E-01  0.37337540E+02  0.69840192E+00
 0.83021757E-01  0.37239068E+02  0.76288328E+00
 0.93260335E-01  0.37082398E+02  0.83556793E+00
 0.10476158E+00  0.36896594E+02  0.91758405E+00
 0.11768120E+00  0.36564392E+02  0.10103656E+01
 0.13219411E+00  0.36145498E+02  0.11156798E+01
 0.14849683E+00  0.35674887E+02  0.12354560E+01
 0.16681005E+00  0.35170334E+02  0.13718389E+01
 0.18738174E+00  0.34529935E+02  0.15275557E+01
 0.21049041E+00  0.33779893E+02  0.17060494E+01
 0.23644894E+00  0.32925021E+02  0.19114012E+01
 0.26560878E+00  0.32000594E+02  0.21484058E+01
 0.29836472E+00  0.30981485E+02  0.24228652E+01
 0.33516027E+00  0.29877947E+02  0.27419939E+01
 0.37649358E+00  0.28775206E+02  0.31140093E+01
 0.42292429E+00  0.27680803E+02  0.35481284E+01
 0.47508102E+00  0.26536564E+02  0.40558978E+01
 0.53366992E+00  0.25329509E+02  0.46522806E+01
 0.59948425E+00  0.24141348E+02  0.53547262E+01
 0.67341507E+00  0.22966575E+02  0.61834284E+01
 0.75646333E+00  0.21817930E+02  0.71626001E+01
 0.84975344E+00  0.20667956E+02  0.83223028E+01
 0.95454846E+00  0.19595496E+02  0.96970364E+01
 0.10722672E+01  0.18587961E+02  0.11325229E+02
 0.12045035E+01  0.17608770E+02  0.13254289E+02
 0.13530478E+01  0.16615583E+02  0.15546823E+02
 0.15199111E+01  0.15696602E+02  0.18274735E+02
 0.17073526E+01  0.14835395E+02  0.21517339E+02
 0.19179103E+01  0.14005673E+02  0.25372407E+02
 0.21544347E+01  0.13150261E+02  0.29973173E+02
 0.24201283E+01  0.12351207E+02  0.35476960E+02
 0.27185882E+01  0.11580535E+02  0.42065339E+02
 0.30538555E+01  0.10851262E+02  0.49959659E+02
 0.34304693E+01  0.10117784E+02  0.59448840E+02
 0.38535286E+01  0.94326963E+01  0.70881618E+02
 0.43287613E+01  0.87668334E+01  0.84680692E+02
 0.48626016E+01  0.81539828E+01  0.10135280E+03
 0.54622772E+01  0.75754619E+01  0.12150058E+03
 0.61359073E+01  0.70395972E+01  0.14585563E+03
 0.68926121E+01  0.65238369E+01  0.17534124E+03
 0.77426368E+01  0.60507108E+01  0.21106541E+03
 0.86974900E+01  0.56009892E+01  0.25438034E+03
 0.97700996E+01  0.51907891E+01  0.30691280E+03
 0.10974988E+02  0.48091789E+01  0.37059610E+03
 0.12328467E+02  0.44568175E+01  0.44778680E+03
 0.13848864E+02  0.41184447E+01  0.54149817E+03
 0.15556761E+02  0.38068452E+01  0.65539020E+03
 0.17475284E+02  0.35090353E+01  0.79400671E+03
 0.19630407E+02  0.32343115E+01  0.96292520E+03
 0.22051307E+02  0.29721524E+01  0.11691302E+04
 0.24770764E+02  0.27316762E+01  0.14211667E+04
 0.27825594E+02  0.25050592E+01  0.17295856E+04
 0.31257158E+02  0.22979395E+01  0.21073138E+04
 0.35111917E+02  0.21048415E+01  0.25702449E+04
 0.39442061E+02  0.19287325E+01  0.31378126E+04
 0.44306215E+02  0.17638019E+01  0.38343566E+04
 0.49770236E+02  0.16135749E+01  0.46898041E+04
 0.55908102E+02  0.14748525E+01  0.57407181E+04
 0.62802914E+02  0.13484336E+01  0.70320146E+04
 0.70548023E+02  0.12312252E+01  0.86196834E+04
 0.79248290E+02  0.11243209E+01  0.10572657E+05
 0.89021509E+02  0.10244626E+01  0.12977927E+05
 0.10000000E+03  0.93355832E+00  0.15943633E+05
