#   nzt = 2
#    zt = 7.9000E+01 1.7000E+01
#    wt = 1.0000E+00 1.0000E+00
#    zp = 1.0000E+00
#    rs =  3.44849500E+00
#    Te =  2.50000000E-02
#   rho =  7.60000000E+00
#  zbar =  1.96042865E+00
#   mep = 100
# mloss =  24
#   E/AMU (MeV)            dEdX           range
 1.00000000E-03  7.90720435E+00  4.53184049E-02
 1.12332400E-03  8.35385810E+00  4.82623973E-02
 1.26185690E-03  8.82576610E+00  5.13926386E-02
 1.41747420E-03  9.31913940E+00  5.47218395E-02
 1.59228280E-03  9.84001675E+00  5.82636380E-02
 1.78864950E-03  1.03828172E+01  6.20329410E-02
 2.00923300E-03  1.09552985E+01  6.60457887E-02
 2.25701970E-03  1.15501275E+01  7.03196841E-02
 2.53536450E-03  1.21767165E+01  7.48735117E-02
 2.84803590E-03  1.28259075E+01  7.97278849E-02
 3.19926710E-03  1.35087940E+01  8.49050906E-02
 3.59381370E-03  1.42138365E+01  9.04295707E-02
 4.03701730E-03  1.49542185E+01  9.63278243E-02
 4.53487850E-03  1.57140985E+01  1.02629299E-01
 5.09413800E-03  1.65101885E+01  1.09366098E-01
 5.72236770E-03  1.73222840E+01  1.16573919E-01
 6.42807310E-03  1.81707055E+01  1.24291825E-01
 7.22080900E-03  1.90271590E+01  1.32564085E-01
 8.11130830E-03  1.99181565E+01  1.41439533E-01
 9.11162760E-03  2.08107640E+01  1.50972818E-01
 1.02353100E-02  2.17355700E+01  1.61224318E-01
 1.14975700E-02  2.26437970E+01  1.72264468E-01
 1.29154970E-02  2.35772730E+01  1.84171995E-01
 1.45082880E-02  2.44961665E+01  1.97032526E-01
 1.62975080E-02  2.54390750E+01  2.10940170E-01
 1.83073830E-02  2.65168450E+01  2.25955396E-01
 2.05651230E-02  2.76794510E+01  2.42126043E-01
 2.31012970E-02  2.86182090E+01  2.59612819E-01
 2.59502420E-02  2.95003865E+01  2.78639994E-01
 2.91505310E-02  3.03771620E+01  2.99385458E-01
 3.27454920E-02  3.12946900E+01  3.22012701E-01
 3.67837980E-02  3.18171085E+01  3.46851792E-01
 4.13201240E-02  3.22077590E+01  3.74355736E-01
 4.64158880E-02  3.24417585E+01  4.04953398E-01
 5.21400830E-02  3.26702595E+01  4.39080321E-01
 5.85702080E-02  3.27264120E+01  4.77250759E-01
 6.57933220E-02  3.27411045E+01  5.20082156E-01
 7.39072200E-02  3.26363070E+01  5.68263531E-01
 8.30217570E-02  3.25140290E+01  6.22575323E-01
 9.32603350E-02  3.23205775E+01  6.83883549E-01
 1.04761580E-01  3.20972445E+01  7.53200292E-01
 1.17681200E-01  3.17068760E+01  8.31822882E-01
 1.32194110E-01  3.12150600E+01  9.21384373E-01
 1.48496830E-01  3.06667680E+01  1.02368515E+00
 1.66810050E-01  3.00844905E+01  1.14074477E+00
 1.87381740E-01  2.93520290E+01  1.27516425E+00
 2.10490410E-01  2.85045140E+01  1.43029825E+00
 2.36448940E-01  2.75617665E+01  1.61014416E+00
 2.65608780E-01  2.65583420E+01  1.81944923E+00
 2.98364720E-01  2.55091910E+01  2.06385297E+00
 3.35160270E-01  2.44234645E+01  2.35015456E+00
 3.76493580E-01  2.33554900E+01  2.68626671E+00
 4.22924290E-01  2.23118055E+01  3.08129969E+00
 4.75081020E-01  2.12615300E+01  3.54640821E+00
 5.33669920E-01  2.01944930E+01  4.09560382E+00
 5.99484250E-01  1.91559145E+01  4.74555741E+00
 6.73415070E-01  1.81414815E+01  5.51588763E+00
 7.56463330E-01  1.71554810E+01  6.43029914E+00
 8.49753440E-01  1.61740765E+01  7.51820288E+00
 9.54548460E-01  1.52565012E+01  8.81408009E+00
 1.07226720E+00  1.43905907E+01  1.03573685E+01
 1.20450350E+00  1.35602946E+01  1.21962667E+01
 1.35304780E+00  1.27378198E+01  1.43919776E+01
 1.51991110E+00  1.19722859E+01  1.70169159E+01
 1.70735260E+00  1.12507709E+01  2.01544023E+01
 1.91791030E+00  1.05693501E+01  2.39055022E+01
 2.15443470E+00  9.89918000E+00  2.83978486E+01
 2.42012830E+00  9.27868070E+00  3.37836451E+01
 2.71858820E+00  8.69217440E+00  4.02401097E+01
 3.05385550E+00  8.14341105E+00  4.79819722E+01
 3.43046930E+00  7.60480495E+00  5.72800081E+01
 3.85352860E+00  7.10520810E+00  6.84616300E+01
 4.32876130E+00  6.62803315E+00  8.19162681E+01
 4.86260160E+00  6.18547280E+00  9.81149368E+01
 5.46227720E+00  5.75456390E+00  1.17644520E+02
 6.13590730E+00  5.35153005E+00  1.41230302E+02
 6.89261210E+00  4.95376685E+00  1.69788117E+02
 7.74263680E+00  4.58655730E+00  2.04439512E+02
 8.69749000E+00  4.23485070E+00  2.46540670E+02
 9.77009960E+00  3.91324945E+00  2.97740224E+02
 1.09749880E+01  3.61301550E+00  3.60008408E+02
 1.23284670E+01  3.33740920E+00  4.35749786E+02
 1.38488640E+01  3.07606890E+00  5.27962673E+02
 1.55567610E+01  2.83727070E+00  6.40305354E+02
 1.74752840E+01  2.61381470E+00  7.77210585E+02
 1.96304070E+01  2.40854440E+00  9.44127221E+02
 2.20513070E+01  2.21352995E+00  1.14788701E+03
 2.47707640E+01  2.03505429E+00  1.39689330E+03
 2.78255940E+01  1.86721264E+00  1.70145568E+03
 3.12571580E+01  1.71339981E+00  2.07431098E+03
 3.51119170E+01  1.56882780E+00  2.53126322E+03
 3.94420610E+01  1.43663950E+00  3.09183508E+03
 4.43062150E+01  1.31253391E+00  3.78030614E+03
 4.97702360E+01  1.19945847E+00  4.62669154E+03
 5.59081020E+01  1.09475670E+00  5.66775887E+03
 6.28029140E+01  9.99565535E-01  6.94881036E+03
 7.05480230E+01  9.12280400E-01  8.52522181E+03
 7.92482900E+01  8.32875125E-01  1.04651645E+04
 8.90215090E+01  7.59141685E-01  1.28541273E+04
 1.00000000E+02  6.92133535E-01  1.57979129E+04
