#   nzt =   1
#    zt = 0.8500E+02
#    wt = 0.1000E+01
#    zp = 0.1000E+01
#    rs =  0.38299400E+01
#    Te =  0.25000000E-01
#   rho =  0.10000000E+02
#  zbar =  0.33546398E+01
#   mep =  100
# mloss =  24
#   E/AMU (MeV)            dEdX           range
 0.10000000E-02  0.10370208E+02  0.67243292E-01
 0.11233240E-02  0.10959436E+02  0.71275100E-01
 0.12618569E-02  0.11582165E+02  0.75560417E-01
 0.14174742E-02  0.12234176E+02  0.80116560E-01
 0.15922828E-02  0.12922793E+02  0.84961790E-01
 0.17886495E-02  0.13641248E+02  0.90116248E-01
 0.20092330E-02  0.14399302E+02  0.95601426E-01
 0.22570197E-02  0.15187471E+02  0.10144104E+00
 0.25353645E-02  0.16018049E+02  0.10766047E+00
 0.28480359E-02  0.16879107E+02  0.11428764E+00
 0.31992671E-02  0.17785202E+02  0.12135252E+00
 0.35938137E-02  0.18721737E+02  0.12888808E+00
 0.40370173E-02  0.19705654E+02  0.13692979E+00
 0.45348785E-02  0.20717627E+02  0.14551721E+00
 0.50941380E-02  0.21778500E+02  0.15469297E+00
 0.57223677E-02  0.22863876E+02  0.16450477E+00
 0.64280731E-02  0.23998776E+02  0.17500414E+00
 0.72208090E-02  0.25148687E+02  0.18625000E+00
 0.81113083E-02  0.26346305E+02  0.19830659E+00
 0.91116276E-02  0.27550812E+02  0.21124644E+00
 0.10235310E-01  0.28800282E+02  0.22514859E+00
 0.11497570E-01  0.30038379E+02  0.24010498E+00
 0.12915497E-01  0.31314310E+02  0.25621704E+00
 0.14508288E-01  0.32567958E+02  0.27359953E+00
 0.16297508E-01  0.33853261E+02  0.29238225E+00
 0.18307383E-01  0.35238513E+02  0.31266663E+00
 0.20565123E-01  0.36703564E+02  0.33454296E+00
 0.23101297E-01  0.38020069E+02  0.35820093E+00
 0.25950242E-01  0.39320317E+02  0.38388779E+00
 0.29150531E-01  0.40829774E+02  0.41173460E+00
 0.32745492E-01  0.42491452E+02  0.44179719E+00
 0.36783798E-01  0.43510190E+02  0.47450784E+00
 0.41320124E-01  0.44291360E+02  0.51051035E+00
 0.46415888E-01  0.44743450E+02  0.55040360E+00
 0.52140083E-01  0.45131864E+02  0.59479728E+00
 0.58570208E-01  0.45238357E+02  0.64439786E+00
 0.65793322E-01  0.45267052E+02  0.70003251E+00
 0.73907220E-01  0.45063321E+02  0.76265743E+00
 0.83021757E-01  0.44806419E+02  0.83337523E+00
 0.93260335E-01  0.44478119E+02  0.91334011E+00
 0.10476158E+00  0.44133561E+02  0.10038333E+01
 0.11768120E+00  0.43584286E+02  0.11065224E+01
 0.13219411E+00  0.42914698E+02  0.12235206E+01
 0.14849683E+00  0.42183579E+02  0.13571215E+01
 0.16681005E+00  0.41404041E+02  0.15098983E+01
 0.18738174E+00  0.40489409E+02  0.16850683E+01
 0.21049041E+00  0.39469654E+02  0.18866077E+01
 0.23644894E+00  0.38322645E+02  0.21193270E+01
 0.26560878E+00  0.37088100E+02  0.23890333E+01
 0.29836472E+00  0.35794665E+02  0.27025342E+01
 0.33516027E+00  0.34455057E+02  0.30679470E+01
 0.37649358E+00  0.33125857E+02  0.34946666E+01
 0.42292429E+00  0.31811051E+02  0.39935045E+01
 0.47508102E+00  0.30469580E+02  0.45777426E+01
 0.53366992E+00  0.29085355E+02  0.52641842E+01
 0.59948425E+00  0.27728532E+02  0.60725589E+01
 0.67341507E+00  0.26397443E+02  0.70257102E+01
 0.75646333E+00  0.25074609E+02  0.81515481E+01
 0.84975344E+00  0.23725395E+02  0.94858503E+01
 0.95454846E+00  0.22456738E+02  0.11069830E+02
 0.10722672E+01  0.21253750E+02  0.12949577E+02
 0.12045035E+01  0.20080035E+02  0.15182206E+02
 0.13530478E+01  0.18884416E+02  0.17843502E+02
 0.15199111E+01  0.17766540E+02  0.21022004E+02
 0.17073526E+01  0.16704753E+02  0.24818298E+02
 0.19179103E+01  0.15703834E+02  0.29353699E+02
 0.21544347E+01  0.14726123E+02  0.34780762E+02
 0.24201283E+01  0.13824328E+02  0.41278417E+02
 0.27185882E+01  0.12971810E+02  0.49055526E+02
 0.30538555E+01  0.12182261E+02  0.58360843E+02
 0.34304693E+01  0.11420151E+02  0.69502192E+02
 0.38535286E+01  0.10714629E+02  0.82846804E+02
 0.43287613E+01  0.10042696E+02  0.98832979E+02
 0.48626016E+01  0.94200765E+01  0.11798221E+03
 0.54622772E+01  0.88134039E+01  0.14094578E+03
 0.61359073E+01  0.82451191E+01  0.16851434E+03
 0.68926121E+01  0.76825708E+01  0.20168925E+03
 0.77426368E+01  0.71596029E+01  0.24167704E+03
 0.86974900E+01  0.66462486E+01  0.28997957E+03
 0.97700996E+01  0.61718296E+01  0.34841726E+03
 0.10974988E+02  0.57154676E+01  0.41921412E+03
 0.12328467E+02  0.52951362E+01  0.50506772E+03
 0.13848864E+02  0.48937874E+01  0.60930526E+03
 0.15556761E+02  0.45266997E+01  0.73594178E+03
 0.17475284E+02  0.41809361E+01  0.88985594E+03
 0.19630407E+02  0.38638352E+01  0.10769748E+04
 0.22051307E+02  0.35623670E+01  0.13047155E+04
 0.24770764E+02  0.32866568E+01  0.15820822E+04
 0.27825594E+02  0.30269018E+01  0.19201161E+04
 0.31257158E+02  0.27886366E+01  0.23323176E+04
 0.35111917E+02  0.25633586E+01  0.28355264E+04
 0.39442061E+02  0.23566023E+01  0.34503549E+04
 0.44306215E+02  0.21594686E+01  0.42029345E+04
 0.49770236E+02  0.19792028E+01  0.51253999E+04
 0.55908102E+02  0.18106319E+01  0.62571598E+04
 0.62802914E+02  0.16570432E+01  0.76466227E+04
 0.70548023E+02  0.15159749E+01  0.93524370E+04
 0.79248290E+02  0.13874499E+01  0.11446285E+05
 0.89021509E+02  0.12673825E+01  0.14018955E+05
 0.10000000E+03  0.11582395E+01  0.17182549E+05
