#   nzt =   1
#    zt = 0.5100E+02
#    wt = 0.1000E+01
#    zp = 0.1000E+01
#    rs =  0.36530500E+01
#    Te =  0.25000000E-01
#   rho =  0.66840000E+01
#  zbar =  0.39895437E+01
#   mep =  100
# mloss =  24
#   E/AMU (MeV)            dEdX           range
 0.10000000E-02  0.89132644E+01  0.45376148E-01
 0.11233240E-02  0.94211736E+01  0.48096618E-01
 0.12618569E-02  0.99580523E+01  0.50987700E-01
 0.14174742E-02  0.10520590E+02  0.54060968E-01
 0.15922828E-02  0.11114843E+02  0.57328623E-01
 0.17886495E-02  0.11735171E+02  0.60804142E-01
 0.20092330E-02  0.12389859E+02  0.64501897E-01
 0.22570197E-02  0.13070678E+02  0.68437786E-01
 0.25353645E-02  0.13788324E+02  0.72628818E-01
 0.28480359E-02  0.14532435E+02  0.77093704E-01
 0.31992671E-02  0.15315712E+02  0.81852515E-01
 0.35938137E-02  0.16125707E+02  0.86927307E-01
 0.40370173E-02  0.16977054E+02  0.92341764E-01
 0.45348785E-02  0.17853629E+02  0.98122215E-01
 0.50941380E-02  0.18773182E+02  0.10429702E+00
 0.57223677E-02  0.19715616E+02  0.11089775E+00
 0.64280731E-02  0.20702084E+02  0.11795848E+00
 0.72208090E-02  0.21704043E+02  0.12551805E+00
 0.81113083E-02  0.22749219E+02  0.13361866E+00
 0.91116276E-02  0.23803576E+02  0.14230789E+00
 0.10235310E-01  0.24899774E+02  0.15163742E+00
 0.11497570E-01  0.25992640E+02  0.16166675E+00
 0.12915497E-01  0.27123408E+02  0.17246094E+00
 0.14508288E-01  0.28236303E+02  0.18409496E+00
 0.16297508E-01  0.29382017E+02  0.19665282E+00
 0.18307383E-01  0.30586295E+02  0.21020709E+00
 0.20565123E-01  0.31856599E+02  0.22482721E+00
 0.23101297E-01  0.33079883E+02  0.24061933E+00
 0.25950242E-01  0.34333730E+02  0.25771523E+00
 0.29150531E-01  0.35909030E+02  0.27614877E+00
 0.32745492E-01  0.37699044E+02  0.29588595E+00
 0.36783798E-01  0.38848512E+02  0.31719783E+00
 0.41320124E-01  0.39743024E+02  0.34052131E+00
 0.46415888E-01  0.40221655E+02  0.36627791E+00
 0.52140083E-01  0.40555770E+02  0.39492224E+00
 0.58570208E-01  0.40582962E+02  0.42696030E+00
 0.65793322E-01  0.40479446E+02  0.46298137E+00
 0.73907220E-01  0.40054338E+02  0.50371684E+00
 0.83021757E-01  0.39500446E+02  0.55005121E+00
 0.93260335E-01  0.38865925E+02  0.60289636E+00
 0.10476158E+00  0.38205928E+02  0.66324768E+00
 0.11768120E+00  0.37381276E+02  0.73237614E+00
 0.13219411E+00  0.36470100E+02  0.81186955E+00
 0.14849683E+00  0.35528808E+02  0.90347532E+00
 0.16681005E+00  0.34595111E+02  0.10091232E+01
 0.18738174E+00  0.33601929E+02  0.11311543E+01
 0.21049041E+00  0.32575307E+02  0.12724186E+01
 0.23644894E+00  0.31485114E+02  0.14363579E+01
 0.26560878E+00  0.30361976E+02  0.16271244E+01
 0.29836472E+00  0.29227634E+02  0.18495481E+01
 0.33516027E+00  0.28087381E+02  0.21093447E+01
 0.37649358E+00  0.26978327E+02  0.24131196E+01
 0.42292429E+00  0.25904623E+02  0.27684110E+01
 0.47508102E+00  0.24818361E+02  0.31844887E+01
 0.53366992E+00  0.23702689E+02  0.36731712E+01
 0.59948425E+00  0.22617547E+02  0.42482472E+01
 0.67341507E+00  0.21555919E+02  0.49256002E+01
 0.75646333E+00  0.20490186E+02  0.57249036E+01
 0.84975344E+00  0.19381408E+02  0.66720660E+01
 0.95454846E+00  0.18336364E+02  0.77969325E+01
 0.10722672E+01  0.17339780E+02  0.91326609E+01
 0.12045035E+01  0.16353358E+02  0.10721122E+02
 0.13530478E+01  0.15326449E+02  0.12619620E+02
 0.15199111E+01  0.14357452E+02  0.14895922E+02
 0.17073526E+01  0.13424623E+02  0.17628288E+02
 0.19179103E+01  0.12550935E+02  0.20910926E+02
 0.21544347E+01  0.11709914E+02  0.24859606E+02
 0.24201283E+01  0.10931537E+02  0.29612453E+02
 0.27185882E+01  0.10196686E+02  0.35334215E+02
 0.30538555E+01  0.95184158E+01  0.42221774E+02
 0.34304693E+01  0.88754996E+01  0.50514906E+02
 0.38535286E+01  0.82784506E+01  0.60503324E+02
 0.43287613E+01  0.77071008E+01  0.72545297E+02
 0.48626016E+01  0.71804170E+01  0.87069289E+02
 0.54622772E+01  0.66814386E+01  0.10459210E+03
 0.61359073E+01  0.62148285E+01  0.12574668E+03
 0.68926121E+01  0.57597542E+01  0.15134493E+03
 0.77426368E+01  0.53379961E+01  0.18237002E+03
 0.86974900E+01  0.49313177E+01  0.22004028E+03
 0.97700996E+01  0.45564025E+01  0.26583997E+03
 0.10974988E+02  0.41996980E+01  0.32159501E+03
 0.12328467E+02  0.38713900E+01  0.38953689E+03
 0.13848864E+02  0.35599793E+01  0.47244219E+03
 0.15556761E+02  0.32752117E+01  0.57369158E+03
 0.17475284E+02  0.30091690E+01  0.69740563E+03
 0.19630407E+02  0.27651095E+01  0.84863656E+03
 0.22051307E+02  0.25343550E+01  0.10337722E+04
 0.24770764E+02  0.23237988E+01  0.12606280E+04
 0.27825594E+02  0.21282503E+01  0.15387256E+04
 0.31257158E+02  0.19494645E+01  0.18797710E+04
 0.35111917E+02  0.17824750E+01  0.22984199E+04
 0.39442061E+02  0.16299148E+01  0.28126924E+04
 0.44306215E+02  0.14868141E+01  0.34452893E+04
 0.49770236E+02  0.13563473E+01  0.42242630E+04
 0.55908102E+02  0.12354607E+01  0.51842652E+04
 0.62802914E+02  0.11254746E+01  0.63681234E+04
 0.70548023E+02  0.10247408E+01  0.78283619E+04
 0.79248290E+02  0.93314062E+00  0.96296660E+04
 0.89021509E+02  0.84833492E+00  0.11853739E+05
 0.10000000E+03  0.77136537E+00  0.14602085E+05
