#   nzt = 2
#    zt = 6.0000E+00 8.0000E+00
#    wt = 1.0000E+00 2.0000E+00
#    zp = 1.0000E+00
#    rs =  2.93177667E+00
#    Te =  2.50000000E-02
#   rho =  1.56000000E+00
#  zbar =  1.67593920E+00
#   mep = 100
# mloss =  24
#   E/AMU (MeV)            dEdX           range
 1.00000000E-03  4.86870217E+00  9.32023277E-03
 1.12332400E-03  5.14485597E+00  9.92366503E-03
 1.26185690E-03  5.43668583E+00  1.05651313E-02
 1.41747420E-03  5.74211313E+00  1.12472045E-02
 1.59228280E-03  6.06465470E+00  1.19726431E-02
 1.78864950E-03  6.40099927E+00  1.27444693E-02
 2.00923300E-03  6.75583823E+00  1.35659337E-02
 2.25701970E-03  7.12455253E+00  1.44405970E-02
 2.53536450E-03  7.51304963E+00  1.53723012E-02
 2.84803590E-03  7.91552640E+00  1.63652441E-02
 3.19926710E-03  8.33898540E+00  1.74239644E-02
 3.59381370E-03  8.77632440E+00  1.85534283E-02
 4.03701730E-03  9.23570880E+00  1.97590176E-02
 4.53487850E-03  9.70774247E+00  2.10466868E-02
 5.09413800E-03  1.02024932E+01  2.24229189E-02
 5.72236770E-03  1.07081130E+01  2.38949009E-02
 6.42807310E-03  1.12367107E+01  2.54704842E-02
 7.22080900E-03  1.17715473E+01  2.71585522E-02
 8.11130830E-03  1.23284773E+01  2.89688899E-02
 9.11162760E-03  1.28877640E+01  3.09124446E-02
 1.02353100E-02  1.34678817E+01  3.30012961E-02
 1.14975700E-02  1.40416337E+01  3.52493394E-02
 1.29154970E-02  1.46329027E+01  3.76720246E-02
 1.45082880E-02  1.52128113E+01  4.02866746E-02
 1.62975080E-02  1.58074530E+01  4.31125283E-02
 1.83073830E-02  1.64507083E+01  4.61650598E-02
 2.05651230E-02  1.71324317E+01  4.94588583E-02
 2.31012970E-02  1.77391960E+01  5.30221377E-02
 2.59502420E-02  1.83342047E+01  5.68913274E-02
 2.91505310E-02  1.90225147E+01  6.10883182E-02
 3.27454920E-02  1.97735870E+01  6.56284872E-02
 3.67837980E-02  2.01961630E+01  7.05790237E-02
 4.13201240E-02  2.04799410E+01  7.60434629E-02
 4.64158880E-02  2.05711277E+01  8.21260021E-02
 5.21400830E-02  2.05924450E+01  8.89401321E-02
 5.85702080E-02  2.04411120E+01  9.66195359E-02
 6.57933220E-02  2.02131523E+01  1.05326803E-01
 7.39072200E-02  1.98383880E+01  1.15256088E-01
 8.30217570E-02  1.94090810E+01  1.26638787E-01
 9.32603350E-02  1.89211183E+01  1.39731948E-01
 1.04761580E-01  1.84131387E+01  1.54833091E-01
 1.17681200E-01  1.77996440E+01  1.72325237E-01
 1.32194110E-01  1.71356437E+01  1.92694964E-01
 1.48496830E-01  1.64642790E+01  2.16487099E-01
 1.66810050E-01  1.58039340E+01  2.44317151E-01
 1.87381740E-01  1.51054990E+01  2.76957347E-01
 2.10490410E-01  1.43863283E+01  3.15388949E-01
 2.36448940E-01  1.36428107E+01  3.60818291E-01
 2.65608780E-01  1.28925420E+01  4.14728013E-01
 2.98364720E-01  1.21475357E+01  4.78907847E-01
 3.35160270E-01  1.14073707E+01  5.55555538E-01
 3.76493580E-01  1.06937262E+01  6.47323521E-01
 4.22924290E-01  1.00063578E+01  7.57392095E-01
 4.75081020E-01  9.34334580E+00  8.89673100E-01
 5.33669920E-01  8.69873367E+00  1.04905248E+00
 5.99484250E-01  8.07988870E+00  1.24158366E+00
 6.73415070E-01  7.48255747E+00  1.47478283E+00
 7.56463330E-01  6.92540620E+00  1.75773506E+00
 8.49753440E-01  6.40229610E+00  2.10135874E+00
 9.54548460E-01  5.91801897E+00  2.51892243E+00
 1.07226720E+00  5.46772760E+00  3.02649970E+00
 1.20450350E+00  5.04850450E+00  3.64383767E+00
 1.35304780E+00  4.65364540E+00  4.39554228E+00
 1.51991110E+00  4.28905440E+00  5.31166337E+00
 1.70735260E+00  3.95017683E+00  6.42865993E+00
 1.91791030E+00  3.63599493E+00  7.79146203E+00
 2.15443470E+00  3.34064227E+00  9.45619253E+00
 2.42012830E+00  3.06886717E+00  1.14916933E+01
 2.71858820E+00  2.81674460E+00  1.39818373E+01
 3.05385550E+00  2.58411463E+00  1.70302148E+01
 3.43046930E+00  2.36640697E+00  2.07662917E+01
 3.85352860E+00  2.16655830E+00  2.53497367E+01
 4.32876130E+00  1.98138240E+00  3.09765872E+01
 4.86260160E+00  1.81208193E+00  3.78879810E+01
 5.46227720E+00  1.65615297E+00  4.63799968E+01
 6.13590730E+00  1.51259987E+00  5.68212114E+01
 6.89261210E+00  1.37783873E+00  6.96807798E+01
 7.74263680E+00  1.25483260E+00  8.55406587E+01
 8.69749000E+00  1.14149192E+00  1.05114519E+02
 9.77009960E+00  1.03834622E+00  1.29285986E+02
 1.09749880E+01  9.44038447E-01  1.59143697E+02
 1.23284670E+01  8.58041120E-01  1.96039947E+02
 1.38488640E+01  7.78635043E-01  2.41678149E+02
 1.55567610E+01  7.06630650E-01  2.98170390E+02
 1.74752840E+01  6.41360830E-01  3.68091663E+02
 1.96304070E+01  5.81907967E-01  4.54646440E+02
 2.20513070E+01  5.26710323E-01  5.61941435E+02
 2.47707640E+01  4.76833517E-01  6.95085187E+02
 2.78255940E+01  4.32120883E-01  8.60205685E+02
 3.12571580E+01  3.91577643E-01  1.06488994E+03
 3.51119170E+01  3.54584627E-01  1.31871710E+03
 3.94420610E+01  3.21038177E-01  1.63362083E+03
 4.43062150E+01  2.90124737E-01  2.02469992E+03
 4.97702360E+01  2.62211403E-01  2.51078907E+03
 5.59081020E+01  2.37230827E-01  3.11462618E+03
 6.28029140E+01  2.14615967E-01  3.86439002E+03
 7.05480230E+01  1.93814487E-01  4.79621838E+03
 7.92482900E+01  1.75033867E-01  5.95528454E+03
 8.90215090E+01  1.58140730E-01  7.39667343E+03
 1.00000000E+02  1.42879683E-01  9.18877339E+03
