#   nzt =   1
#    zt = 0.7900E+02
#    wt = 0.1000E+01
#    zp = 0.1000E+01
#    rs =  0.36294900E+01
#    Te =  0.25000000E-01
#   rho =  0.76000000E+01
#  zbar =  0.43972357E+01
#   mep =  100
# mloss =  24
#   E/AMU (MeV)            dEdX           range
 0.10000000E-02  0.86110371E+01  0.75967511E-01
 0.11233240E-02  0.91022723E+01  0.80521908E-01
 0.12618569E-02  0.96215910E+01  0.85361635E-01
 0.14174742E-02  0.10165866E+02  0.90505992E-01
 0.15922828E-02  0.10740927E+02  0.95975324E-01
 0.17886495E-02  0.11341632E+02  0.10179203E+00
 0.20092330E-02  0.11975795E+02  0.10797997E+00
 0.22570197E-02  0.12636141E+02  0.11456542E+00
 0.25353645E-02  0.13332552E+02  0.12157645E+00
 0.28480359E-02  0.14055838E+02  0.12904387E+00
 0.31992671E-02  0.14817776E+02  0.13700063E+00
 0.35938137E-02  0.15607197E+02  0.14548291E+00
 0.40370173E-02  0.16437842E+02  0.15452941E+00
 0.45348785E-02  0.17295140E+02  0.16418307E+00
 0.50941380E-02  0.18195936E+02  0.17448994E+00
 0.57223677E-02  0.19121852E+02  0.18550115E+00
 0.64280731E-02  0.20093298E+02  0.19727158E+00
 0.72208090E-02  0.21084266E+02  0.20986347E+00
 0.81113083E-02  0.22121592E+02  0.22334399E+00
 0.91116276E-02  0.23174676E+02  0.23778818E+00
 0.10235310E-01  0.24275188E+02  0.25327685E+00
 0.11497570E-01  0.25382118E+02  0.26990228E+00
 0.12915497E-01  0.26535619E+02  0.28776456E+00
 0.14508288E-01  0.27689650E+02  0.30697597E+00
 0.16297508E-01  0.28889965E+02  0.32766130E+00
 0.18307383E-01  0.30180962E+02  0.34991859E+00
 0.20565123E-01  0.31558929E+02  0.37383412E+00
 0.23101297E-01  0.32864791E+02  0.39957814E+00
 0.25950242E-01  0.34187811E+02  0.42737326E+00
 0.29150531E-01  0.35718343E+02  0.45732505E+00
 0.32745492E-01  0.37393986E+02  0.48946590E+00
 0.36783798E-01  0.38531405E+02  0.52422323E+00
 0.41320124E-01  0.39448578E+02  0.56224812E+00
 0.46415888E-01  0.40049857E+02  0.60415645E+00
 0.52140083E-01  0.40554597E+02  0.65058744E+00
 0.58570208E-01  0.40779475E+02  0.70228282E+00
 0.65793322E-01  0.40911832E+02  0.76010180E+00
 0.73907220E-01  0.40830063E+02  0.82502036E+00
 0.83021757E-01  0.40697403E+02  0.89814610E+00
 0.93260335E-01  0.40494243E+02  0.98063577E+00
 0.10476158E+00  0.40278896E+02  0.10737633E+01
 0.11768120E+00  0.39879143E+02  0.11791787E+01
 0.13219411E+00  0.39375152E+02  0.12989649E+01
 0.14849683E+00  0.38822928E+02  0.14353543E+01
 0.16681005E+00  0.38248127E+02  0.15907843E+01
 0.18738174E+00  0.37533090E+02  0.17683510E+01
 0.21049041E+00  0.36707619E+02  0.19719672E+01
 0.23644894E+00  0.35769775E+02  0.22062817E+01
 0.26560878E+00  0.34757923E+02  0.24767856E+01
 0.29836472E+00  0.33667427E+02  0.27900000E+01
 0.33516027E+00  0.32505921E+02  0.31538782E+01
 0.37649358E+00  0.31348402E+02  0.35775208E+01
 0.42292429E+00  0.30203886E+02  0.40711599E+01
 0.47508102E+00  0.29006252E+02  0.46475753E+01
 0.53366992E+00  0.27734931E+02  0.53233961E+01
 0.59948425E+00  0.26477567E+02  0.61180606E+01
 0.67341507E+00  0.25228502E+02  0.70540249E+01
 0.75646333E+00  0.23988403E+02  0.81585338E+01
 0.84975344E+00  0.22719355E+02  0.94662597E+01
 0.95454846E+00  0.21522331E+02  0.11017302E+02
 0.10722672E+01  0.20383026E+02  0.12856645E+02
 0.12045035E+01  0.19279062E+02  0.15039398E+02
 0.13530478E+01  0.18166019E+02  0.17637201E+02
 0.15199111E+01  0.17127916E+02  0.20733474E+02
 0.17073526E+01  0.16145365E+02  0.24422760E+02
 0.19179103E+01  0.15217323E+02  0.28818804E+02
 0.21544347E+01  0.14297851E+02  0.34067268E+02
 0.24201283E+01  0.13448140E+02  0.40339114E+02
 0.27185882E+01  0.12645590E+02  0.47830533E+02
 0.30538555E+01  0.11895061E+02  0.56776777E+02
 0.34304693E+01  0.11153981E+02  0.67478822E+02
 0.38535286E+01  0.10468096E+02  0.80293800E+02
 0.43287613E+01  0.98108045E+01  0.95643861E+02
 0.48626016E+01  0.92001968E+01  0.11403340E+03
 0.54622772E+01  0.85952386E+01  0.13610554E+03
 0.61359073E+01  0.80272326E+01  0.16264524E+03
 0.68926121E+01  0.74571813E+01  0.19465968E+03
 0.77426368E+01  0.69302219E+01  0.23336353E+03
 0.86974900E+01  0.64213200E+01  0.28022368E+03
 0.97700996E+01  0.59554303E+01  0.33700700E+03
 0.10974988E+02  0.55167289E+01  0.40582757E+03
 0.12328467E+02  0.51131335E+01  0.48924987E+03
 0.13848864E+02  0.47271314E+01  0.59049709E+03
 0.15556761E+02  0.43733955E+01  0.71346619E+03
 0.17475284E+02  0.40381290E+01  0.86293208E+03
 0.19630407E+02  0.37296728E+01  0.10447233E+04
 0.22051307E+02  0.34348908E+01  0.12661698E+04
 0.24770764E+02  0.31647560E+01  0.15361954E+04
 0.27825594E+02  0.29080567E+01  0.18658914E+04
 0.31257158E+02  0.26728556E+01  0.22688660E+04
 0.35111917E+02  0.24511752E+01  0.27619747E+04
 0.39442061E+02  0.22486501E+01  0.33658385E+04
 0.44306215E+02  0.20578814E+01  0.41062460E+04
 0.49770236E+02  0.18840629E+01  0.50148560E+04
 0.55908102E+02  0.17223878E+01  0.61305905E+04
 0.62802914E+02  0.15753381E+01  0.75012369E+04
 0.70548023E+02  0.14401398E+01  0.91850866E+04
 0.79248290E+02  0.13169199E+01  0.11253629E+05
 0.89021509E+02  0.12016814E+01  0.13797645E+05
 0.10000000E+03  0.10968376E+01  0.16929622E+05
