#   nzt =   1
#    zt = 0.1000E+01
#    wt = 0.1000E+01
#    zp = 0.1000E+01
#    rs =  0.20498900E+01
#    Te =  0.25000000E-01
#   rho =  0.10050000E+01
#  zbar =  0.77854350E+00
#   mep =  100
# mloss =  24
#   E/AMU (MeV)            dEdX           range
 0.10000000E-02  0.17217429E+01  0.19440587E-02
 0.11233240E-02  0.18195828E+01  0.20606211E-02
 0.12618569E-02  0.19229828E+01  0.21845121E-02
 0.14174742E-02  0.20312615E+01  0.23162316E-02
 0.15922828E-02  0.21456155E+01  0.24563069E-02
 0.17886495E-02  0.22648413E+01  0.26053233E-02
 0.20092330E-02  0.23906227E+01  0.27639051E-02
 0.22570197E-02  0.25211507E+01  0.29327478E-02
 0.25353645E-02  0.26586531E+01  0.31125965E-02
 0.28480359E-02  0.28008534E+01  0.33042740E-02
 0.31992671E-02  0.29503999E+01  0.35086653E-02
 0.35938137E-02  0.31046044E+01  0.37267448E-02
 0.40370173E-02  0.32664758E+01  0.39595616E-02
 0.45348785E-02  0.34325820E+01  0.42082858E-02
 0.50941380E-02  0.36065269E+01  0.44741818E-02
 0.57223677E-02  0.37840850E+01  0.47586630E-02
 0.64280731E-02  0.39694890E+01  0.50632593E-02
 0.72208090E-02  0.41567074E+01  0.53897293E-02
 0.81113083E-02  0.43512933E+01  0.57399946E-02
 0.91116276E-02  0.45459696E+01  0.61162417E-02
 0.10235310E-01  0.47472731E+01  0.65208665E-02
 0.11497570E-01  0.49457710E+01  0.69566439E-02
 0.12915497E-01  0.51495046E+01  0.74266346E-02
 0.14508288E-01  0.53452350E+01  0.79344915E-02
 0.16297508E-01  0.55435969E+01  0.84843704E-02
 0.18307383E-01  0.57431945E+01  0.90802984E-02
 0.20565123E-01  0.59480398E+01  0.97265249E-02
 0.23101297E-01  0.61474180E+01  0.10428184E-01
 0.25950242E-01  0.63489293E+01  0.11191550E-01
 0.29150531E-01  0.66302734E+01  0.12017287E-01
 0.32745492E-01  0.69551805E+01  0.12902036E-01
 0.36783798E-01  0.71134253E+01  0.13861290E-01
 0.41320124E-01  0.71958328E+01  0.14921034E-01
 0.46415888E-01  0.71597631E+01  0.16108124E-01
 0.52140083E-01  0.70742293E+01  0.17453314E-01
 0.58570208E-01  0.69152807E+01  0.18991271E-01
 0.65793322E-01  0.67228718E+01  0.20763253E-01
 0.73907220E-01  0.64551787E+01  0.22823929E-01
 0.83021757E-01  0.61566491E+01  0.25243897E-01
 0.93260335E-01  0.58501391E+01  0.28100054E-01
 0.10476158E+00  0.55459304E+01  0.31479899E-01
 0.11768120E+00  0.52209730E+01  0.35499054E-01
 0.13219411E+00  0.48909714E+01  0.40307844E-01
 0.14849683E+00  0.45683146E+01  0.46083516E-01
 0.16681005E+00  0.42575637E+01  0.53037977E-01
 0.18738174E+00  0.39615705E+01  0.61427484E-01
 0.21049041E+00  0.36809879E+01  0.71561172E-01
 0.23644894E+00  0.34035293E+01  0.83842352E-01
 0.26560878E+00  0.31333238E+01  0.98800272E-01
 0.29836472E+00  0.28849199E+01  0.11705321E+00
 0.33516027E+00  0.26564732E+01  0.13931933E+00
 0.37649358E+00  0.24421204E+01  0.16650371E+00
 0.42292429E+00  0.22412431E+01  0.19975295E+00
 0.47508102E+00  0.20565792E+01  0.24045524E+00
 0.53366992E+00  0.18867922E+01  0.29028281E+00
 0.59948425E+00  0.17280720E+01  0.35134167E+00
 0.67341507E+00  0.15793856E+01  0.42631737E+00
 0.75646333E+00  0.14427539E+01  0.51849615E+00
 0.84975344E+00  0.13170417E+01  0.63189013E+00
 0.95454846E+00  0.12018023E+01  0.77145518E+00
 0.10722672E+01  0.10960015E+01  0.94331807E+00
 0.12045035E+01  0.99910573E+00  0.11550554E+01
 0.13530478E+01  0.91018804E+00  0.14160641E+01
 0.15199111E+01  0.82901286E+00  0.17379400E+01
 0.17073526E+01  0.75480150E+00  0.21349821E+01
 0.19179103E+01  0.68679276E+00  0.26249824E+01
 0.21544347E+01  0.62415676E+00  0.32303231E+01
 0.24201283E+01  0.56717694E+00  0.39786153E+01
 0.27185882E+01  0.51529266E+00  0.49037213E+01
 0.30538555E+01  0.46796883E+00  0.60477456E+01
 0.34304693E+01  0.42460830E+00  0.74635166E+01
 0.38535286E+01  0.38522557E+00  0.92164132E+01
 0.43287613E+01  0.34940484E+00  0.11387092E+02
 0.48626016E+01  0.31689067E+00  0.14075548E+02
 0.54622772E+01  0.28734051E+00  0.17405696E+02
 0.61359073E+01  0.26038124E+00  0.21532224E+02
 0.68926121E+01  0.23549256E+00  0.26653204E+02
 0.77426368E+01  0.21304453E+00  0.33013424E+02
 0.86974900E+01  0.19292643E+00  0.40906446E+02
 0.97700996E+01  0.17468237E+00  0.50697618E+02
 0.10974988E+02  0.15807264E+00  0.62848642E+02
 0.12328467E+02  0.14299972E+00  0.77933980E+02
 0.13848864E+02  0.12919281E+00  0.96679829E+02
 0.15556761E+02  0.11674704E+00  0.11998743E+03
 0.17475284E+02  0.10562820E+00  0.14894037E+03
 0.19630407E+02  0.95520357E-01  0.18488973E+03
 0.22051307E+02  0.86120048E-01  0.22962047E+03
 0.24770764E+02  0.77664264E-01  0.28535542E+03
 0.27825594E+02  0.70164387E-01  0.35471250E+03
 0.31257158E+02  0.63396104E-01  0.44094574E+03
 0.35111917E+02  0.57338306E-01  0.54809394E+03
 0.39442061E+02  0.51839355E-01  0.68116295E+03
 0.44306215E+02  0.46664595E-01  0.84689517E+03
 0.49770236E+02  0.42015576E-01  0.10537533E+04
 0.55908102E+02  0.37956414E-01  0.13113602E+04
 0.62802914E+02  0.34285951E-01  0.16316244E+04
 0.70548023E+02  0.30896865E-01  0.20304165E+04
 0.79248290E+02  0.27842315E-01  0.25275435E+04
 0.89021509E+02  0.25068812E-01  0.31475264E+04
 0.10000000E+03  0.22571727E-01  0.39211214E+04
