23.94	1.48  	A 	He91 	5.4
24.1 	1.48	A  
0.0125 	2.7405 	B 	Hv71 	5
0.01875 3.2758 	B  
0.025 	3.7178 	B  
0.03125 4.1013 	B  
84.05 	0.58 	C 	He91    24
84.08 	0.58 	C  
0.0625 	6.47454 D 	To16    1.3
0.06563 6.71073 D  
0.06875 6.94016 D  
0.07187 7.16302 D  
0.075 	7.37947 D  
0.07813 7.5897 	D  
0.08125 7.79387 D  
0.08438 7.99215 D  
0.0875 	8.1847 	D  
0.09062 8.37166 D  
0.09375 8.55319 D  
0.09688 8.72945 D  
0.1 	8.90056 D  
0.10312 9.06667 D  
0.10625 9.22791 D  
0.10938 9.38442 D  
0.1125 	9.53631 D  
0.11563 9.68373 D  
0.11875 9.82677 D  
0.12188 9.96558 D  
0.125 	10.1002 D  
0.13125 10.3576 D  
0.1375 	10.5997 D  
0.14375 10.8274 D  
0.15 	11.0415 D  
0.15625 11.2425 D  
0.1625 	11.4313 D  
0.16875 11.6084 D  
0.175 	11.7745 D  
0.18125 11.9302 D  
0.1875 	12.076 	D  
0.19375 12.2123 D  
0.2 	12.3398 D  
0.20625 12.4588 D  
0.2125 	12.5699   
0.21875 12.6734 D  
0.225 	12.7696   
0.23125 12.8591 D  
0.2375 	12.9421   
0.24375 13.0189 D  
0.25 	13.09   
0.25625 13.1555 D  
0.2625 	13.2159   
0.26875 13.2712 D  
0.275 	13.3219   
0.28125 13.3681 D  
0.2875 	13.4101   
0.29375 13.4481 D  
0.3 	13.4823   
0.30625 13.5129 D  
0.3125 	13.5401   
0.31875 13.564 	D  
0.325 	13.5849   
0.33125 13.6029 D  
0.3375 	13.6181   
0.34375 13.6307 D  
0.35 	13.6409   
0.35625 13.6487 D  
0.3625 	13.6543   
0.36875 13.6579 D  
0.375 	13.6594   
0.3875 	13.657 D  
0.4 	13.6478   
0.4125 	13.6327 D  
0.425 	13.6122   
0.4375 	13.587 	D  
0.45 	13.5576   
0.4625 	13.5245 D  
0.475 	13.4881   
0.4875	13.4489 D  
0.5 	13.407   
0.5125 	13.3631 D  
0.525 	13.3172   
0.5375 	13.2696 D  
0.55 	13.2207   
0.5625 	13.1707 D  
0.575 	13.1196   
0.5875 	13.0678 D  
0.60 	13.0154   
0.6125 	12.9625 D  
0.625 	12.9092   
0.6375 	12.8558 D  
0.65 	12.8022   
0.6625 	12.7486 D  
0.675 	12.6951   
0.6875 	12.6418 D  
0.7 	12.5886   
0.7125 	12.5358 D  
0.725 	12.4832   
0.7375 	12.4311 D  
0.75 	12.3794   
0.7625 	12.3282 D  
0.775 	12.2774   
0.7875 	12.2272   
0.8 	12.1776 D  
0.8125 	12.1285   
0.825 	12.0799 D  
0.8375 	12.032   
0.85 	11.9847 D  
0.8625 	11.938   
0.875 	11.8919 D  
0.8875 	11.8464   
0.9 	11.8015 D  
0.9125 	11.7572   
0.925 	11.7135 D  
0.9375 	11.6704   
0.9625 	11.586 	D  
0.9875 	11.5039   
1.0125 	11.4239 D  
1.0375 	11.3459   
1.0625 	11.2699 D  
1.0875 	11.1955   
1.1125 	11.1228 D  
1.1375 	11.0514   
1.1625 	10.9813   
1.1875 	10.9123 D  
1.2125 	10.8441   
1.2375 	10.7766 D  
1.2625 	10.7097   
1.2875 	10.6431   
1.3125 	10.5766 D  
1.3375 	10.5102   
1.3625 	10.4436   
1.3875 	10.3767 D  
1.4125 	10.3094   
1.4375 	10.2415 D  
1.4625 	10.173   
1.4875 	10.1037   
1.5125 	10.0336 D  
1.5375 	9.96258   
1.5625 	9.89067   
1.5875 	9.81785 D  
1.6125 	9.74413   
1.6375 	9.66955   
1.6625 	9.59418 D  
1.6875 	9.51812   
1.7125 	9.44147   
1.7375 	9.3644 	D  
1.7625 	9.28708   
1.7875 	9.20971   
1.8125 	9.13253 D  
1.8375 	9.05579   
1.8625 	8.97979 D  
85.0	0.57341 E	Bi90/He88
